SNP	chr	pos	beta.暴露	se.暴露	beta.中介	se.中介	beta.结局	se.结局
rs10006235	4	130671621	0.015	0.003	0.0064	0.0042	-0.03576	0.05135
rs10013922	4	46389361	0.013	0.003	0.0028	0.0043	0.0129	0.05168
rs10032881	4	179239157	-0.011	0.003	0.0031	0.0038	-0.01368	0.04731
rs1004049	4	163796868	-0.011	0.002	-9e-04	0.004	-0.005889	0.04647
rs1006749	20	41716653	0.011	0.003	-0.0017	0.004	-0.02588	0.04563
rs1008078	1	91205831	-0.016	0.003	0.0075	0.0038	-0.07632	0.04686
rs1011124	1	7533164	-0.012	0.003	0.0015	0.0038	-0.02398	0.04663
rs10155336	4	22280964	-0.027	0.006	-0.0027	0.0116	0.2538	0.121
rs10215256	7	3484884	0.012	0.002	0.0095	0.0037	0.003276	0.04587
rs10279412	7	11822385	0.012	0.003	-6e-04	0.0043	-0.02447	0.05279
rs1035578	16	12531365	-0.013	0.002	0.0062	0.0038	-0.06153	0.04601
rs1036814	8	26578762	-0.011	0.003	-0.0046	0.004	-0.03829	0.04873
rs10483349	14	29629456	0.019	0.003	-0.0153	0.0047	0.04548	0.05915
rs10752262	10	12395100	0.014	0.003	-0.0064	0.0044	-0.0112	0.04618
rs1076780	22	50883359	-0.014	0.003	-0.0018	0.0042	-0.03541	0.0508
rs10772644	12	13417617	0.021	0.004	0.0039	0.0061	-0.0878	0.07372
rs10793247	11	76996593	-0.012	0.003	-0.0019	0.004	0.005447	0.04675
rs10798418	1	175839834	-0.01	0.003	0.0016	0.0038	-0.01639	0.04661
rs10844084	12	32143277	0.012	0.003	0.0028	0.0044	-0.001582	0.05259
rs10846170	12	15533131	-0.013	0.003	0.007	0.0043	-0.006872	0.05319
rs10884078	10	106769696	-0.014	0.003	0.0086	0.0048	0.0386	0.0586
rs10906190	10	12679491	-0.011	0.003	0.0025	0.0038	-0.02182	0.04608
rs10939974	5	62838408	-0.012	0.003	0.0125	0.004	-0.04282	0.04863
rs10953766	7	114313218	-0.014	0.003	0.0099	0.0038	0.05015	0.0464
rs11008183	10	30986364	-0.01	0.003	0.0011	0.0038	0.05856	0.04663
rs1106761	8	142633630	-0.017	0.003	0.0068	0.004	-0.0419	0.04739
rs11078827	17	9985841	-0.012	0.002	0.004	0.0037	0.08998	0.04567
rs11115056	12	82258775	0.019	0.004	-0.0195	0.0064	0.02891	0.07725
rs111321694	11	110959132	-0.018	0.003	0.0142	0.0053	0.07079	0.06056
rs11142398	9	73014355	-0.012	0.003	0.0076	0.004	0.02923	0.04638
rs1115240	14	27090388	-0.014	0.003	0.0066	0.0044	0.02315	0.05212
rs1118399	15	27235372	-0.012	0.003	-0.0068	0.004	-0.07497	0.04645
rs11191193	10	103802408	-0.019	0.003	0.0014	0.004	-0.04958	0.04783
rs11201551	10	87072168	0.013	0.003	-0.0066	0.0048	-0.02166	0.05706
rs11202702	10	90054268	0.012	0.002	4e-04	0.004	0.06266	0.04626
rs11209970	1	41844293	0.014	0.003	0.0019	0.0042	-0.002101	0.04997
rs112153180	18	52887565	-0.024	0.006	0.001	0.0093	-0.01708	0.1039
rs11222416	11	130875123	-0.015	0.003	0.0106	0.0038	-0.03743	0.04577
rs11222609	11	131295005	0.014	0.003	-0.005	0.004	-0.07371	0.04774
rs11229113	11	57560452	-0.011	0.003	0.0075	0.004	0.0731	0.04882
rs11241568	5	120140556	-0.012	0.003	-0.0095	0.004	0.06315	0.04901
rs11252376	10	4190795	-0.016	0.003	0.0028	0.0054	-0.005581	0.05907
rs113293305	8	136961356	-0.035	0.008	0.0089	0.0048	0.126	0.1193
rs1143770	11	122017598	0.012	0.003	-0.0066	0.0038	-0.04121	0.04627
rs114699946	5	26813730	-0.049	0.01	0.0087	0.0051	-0.05037	0.1086
rs114733448	4	1754494	0.016	0.003	3e-04	0.0049	0.05699	0.05862
rs1158109	7	79577607	-0.012	0.003	-0.0043	0.0041	-0.04832	0.0492
rs1158542	14	41373700	-0.011	0.002	0.0061	0.0037	-0.06552	0.04562
rs11588857	1	204587047	0.022	0.003	6e-04	0.0052	0.004869	0.05609
rs116475118	3	133087574	-0.039	0.009	-0.0353	0.0143	0.258	0.1687
rs11657674	17	28865969	-0.01	0.003	-0.0025	0.0037	-0.03325	0.04566
rs116769857	2	125940717	-0.027	0.006	-0.0134	0.0085	0.2348	0.1077
rs11690172	2	57387094	-0.012	0.003	0.009	0.0038	-0.003107	0.0465
rs11726992	4	159842877	-0.014	0.003	0.0032	0.0038	0.0236	0.0463
rs11752914	6	155910988	-0.015	0.003	0.0051	0.0048	0.07887	0.05765
rs11778076	8	25917711	-0.013	0.003	0.0026	0.0044	-0.05177	0.05229
rs117847766	9	99197655	0.016	0.003	-0.0031	0.0051	-0.03442	0.06135
rs118134876	7	11500372	-0.025	0.006	-0.0102	0.0093	0.125	0.09636
rs11853991	15	43557549	0.013	0.003	-0.0091	0.0041	0.02021	0.04893
rs11879230	19	53333871	0.014	0.003	-0.0016	0.0062	-0.04895	0.04751
rs11924032	3	170735099	-0.012	0.003	0.0114	0.0035	0.007443	0.05228
rs12005144	9	13214640	-0.016	0.003	0.0071	0.007	-0.009792	0.06201
rs1220543	3	150593719	0.056	0.013	0.0017	0.0135	-0.08246	0.1894
rs12212729	6	105281212	-0.023	0.005	-7e-04	0.0098	-0.0623	0.08346
rs12259847	10	107703278	0.014	0.003	-0.0076	0.0047	0.05698	0.0589
rs12410444	1	44207553	0.018	0.003	0.0028	0.004	-0.09879	0.04986
rs12432012	14	24666170	0.017	0.004	-0.0036	0.0056	0.0512	0.07503
rs12441896	15	96914181	0.015	0.003	0.0025	0.0054	-0.02404	0.05174
rs12455422	18	42811909	-0.013	0.003	0.0082	0.0047	0.02055	0.05808
rs12462428	19	16694610	-0.016	0.003	0.0049	0.0048	0.01591	0.05799
rs12478156	2	164379658	-0.012	0.003	0.0066	0.0038	-0.03299	0.04781
rs12514965	5	113988893	-0.018	0.003	0.0082	0.0044	-0.02311	0.0539
rs12531458	7	39090698	-0.011	0.002	2e-04	0.0037	-0.03786	0.04581
rs12552	13	53625781	-0.01	0.002	-0.0063	0.0037	0.03766	0.0462
rs12639645	4	90906161	0.011	0.003	-0.004	0.0031	-0.04335	0.04703
rs12640626	4	176626272	0.013	0.002	-0.0053	0.0038	0.08177	0.04615
rs12645160	4	160469420	-0.011	0.002	0.0064	0.0038	0.02054	0.04594
rs12676895	8	763540	-0.012	0.003	-0.0016	0.0044	-0.05068	0.05215
rs12694681	2	226618383	-0.014	0.003	0.0044	0.0042	0.01168	0.04918
rs12761761	10	133775375	0.017	0.003	0.0017	0.0044	0.03328	0.05272
rs12867952	13	21462857	-0.011	0.002	-0.0038	0.0037	-0.003913	0.04563
rs12900061	15	66010379	0.021	0.003	-0.0174	0.0048	-0.0133	0.06075
rs12924434	16	51190740	-0.013	0.003	0.0018	0.0049	0.121	0.05695
rs12934528	16	72256903	-0.014	0.003	0.0079	0.0061	0.0378	0.06435
rs12962421	18	44788274	0.014	0.002	-0.0069	0.0037	0.03735	0.04622
rs12969294	18	35197905	0.018	0.003	-0.0049	0.004	-0.05037	0.04834
rs12981405	19	19657500	-0.015	0.003	-0.0023	0.007	0.01604	0.06133
rs12987662	2	100826098	0.022	0.003	-0.0109	0.0038	0.01088	0.04658
rs12991836	2	145141541	0.012	0.003	-0.0042	0.0041	0.04568	0.04784
rs13008867	2	23270869	0.018	0.004	-0.0015	0.0083	-0.09842	0.0729
rs13010288	2	51824512	0.02	0.004	-0.0119	0.0056	-0.1644	0.06703
rs13145650	4	122963344	-0.021	0.005	0.011	0.0064	-0.03583	0.08125
rs13224222	7	44812338	-0.013	0.002	0.008	0.0038	0.07151	0.04593
rs1326592	6	51676802	-0.014	0.003	0.0052	0.0047	0.0223	0.05523
rs13282477	8	9684161	-0.018	0.004	-5e-04	0.0064	-0.02749	0.07121
rs1329125	1	234740880	-0.013	0.003	0.0047	0.0035	-0.05525	0.04892
rs13299304	9	27943323	-0.011	0.003	0.0076	0.0041	0.02205	0.04815
rs1341868	1	224682826	-0.012	0.003	-0.0029	0.004	0.005684	0.04602
rs13421974	2	155516055	-0.014	0.002	0.0013	0.0038	-0.01432	0.04591
rs1378214	15	47579004	0.016	0.003	0.0038	0.0038	0.02949	0.04692
rs1382358	19	13171424	-0.021	0.004	-0.01	0.0064	0.1195	0.06764
rs1389473	12	92154270	-0.013	0.003	0.0123	0.012	-0.03697	0.0473
rs139445863	19	4431185	0.054	0.012	-0.0029	0.0051	0.1393	0.177
rs1396967	10	64840665	0.015	0.003	-0.0122	0.0038	-0.02571	0.04738
rs1405452	12	75417687	-0.013	0.003	0.0014	0.0038	0.05465	0.04778
rs141832413	7	2203369	-0.017	0.003	-0.0036	0.0046	0.003388	0.05608
rs141979783	20	47788775	0.037	0.006	-0.0088	0.0043	-0.136	0.1128
rs142308202	15	41939523	0.05	0.01	0.0165	0.0069	0.05509	0.2069
rs1424580	7	133154426	0.018	0.003	-0.0021	0.0047	-0.06899	0.0573
rs143908455	8	87782374	-0.04	0.01	0.0088	0.0069	0.1201	0.1758
rs144573014	11	25036713	0.01	0.003	-0.0011	0.0037	0.04605	0.04561
rs1452074	3	62471009	0.012	0.003	0.0106	0.004	-0.007568	0.04701
rs1459442	13	91704798	-0.012	0.003	-0.0057	0.0043	0.01201	0.05367
rs148088313	3	118675196	0.014	0.003	0.0073	0.0044	-0.09134	0.05337
rs150072449	7	63576514	-0.024	0.006	-1e-04	0.0041	0.2205	0.08561
rs1516725	3	185824004	0.016	0.004	0.0451	0.0046	0.1696	0.06644
rs153384	5	60993656	-0.014	0.003	0.0028	0.0052	-0.09397	0.06272
rs1536131	1	32314400	0.011	0.003	7e-04	0.004	-0.01053	0.04699
rs1547668	6	33775446	0.013	0.003	-0.0025	0.0039	0.06716	0.05678
rs1579116	11	24425299	-0.018	0.004	0.055	0.0293	-0.01624	0.06935
rs1599379	3	160883062	0.011	0.002	-0.0012	0.0037	0.02023	0.04576
rs1603981	3	25184956	0.015	0.003	0.0073	0.0053	0.02453	0.06086
rs1671770	12	121017439	-0.014	0.003	0.0082	0.0051	-0.03533	0.06088
rs16845580	2	161920884	-0.016	0.003	0.0045	0.0038	0.113	0.04714
rs16846463	2	142317850	-0.022	0.004	-0.0082	0.0089	-0.04488	0.07568
rs16915963	10	63039856	0.016	0.003	-0.0091	0.0047	-0.06763	0.05493
rs16953305	16	54312849	-0.013	0.003	0.0029	0.0049	-0.00475	0.04774
rs17110109	12	54668908	0.012	0.003	-0.0092	0.004	0.06838	0.04682
rs17115183	14	30137407	-0.011	0.003	0.0055	0.0038	0.02621	0.04667
rs17139391	11	79794951	-0.026	0.006	0.0021	0.0093	0.04459	0.1099
rs17275231	2	213807630	-0.012	0.003	-0.0022	0.0046	0.06066	0.054
rs17414302	1	20976535	0.022	0.004	-0.0058	0.0068	0.179	0.07724
rs17425572	9	88006338	-0.014	0.002	-0.0025	0.0037	0.03351	0.04586
rs17488728	7	117544180	-0.011	0.002	-0.002	0.0037	0.06653	0.04587
rs17551064	7	49869771	-0.014	0.003	4e-04	0.0051	-0.03696	0.06159
rs17552299	6	124343842	0.035	0.008	0.0221	0.0135	-0.03511	0.1317
rs17565975	11	111586950	-0.013	0.002	-0.0016	0.0038	-0.0456	0.04628
rs17638867	17	34052513	0.016	0.003	0.0018	0.0048	0.01219	0.06018
rs17809906	3	20755232	0.019	0.004	-0.0175	0.008	-0.0307	0.07041
rs17824247	2	144152539	0.018	0.003	-0.0047	0.0038	0.007571	0.04651
rs183686	5	176494102	-0.01	0.002	-0.0024	0.0031	-0.005407	0.04667
rs1837679	11	76505202	0.015	0.003	-0.0042	0.0053	0.00983	0.05541
rs1881975	3	184046042	-0.012	0.003	-0.0113	0.0048	-0.003447	0.05336
rs1890846	1	210919858	0.013	0.002	-0.0037	0.0037	-0.1099	0.04596
rs191692	2	60461578	-0.011	0.003	0.0055	0.0038	0.04916	0.04704
rs1925576	10	68689083	0.012	0.002	-0.0016	0.0037	0.01655	0.04659
rs1938060	6	66545656	-0.014	0.003	5e-04	0.0046	-0.04282	0.0562
rs197603	1	57679608	0.011	0.003	0.0025	0.0037	-0.02779	0.04654
rs2031496	1	78527912	-0.012	0.003	0.0175	0.0031	0.05007	0.04612
rs2065087	9	3149943	0.011	0.002	0.0044	0.0037	-0.05802	0.04568
rs2067564	2	232728437	0.011	0.002	-0.0094	0.0032	-0.03079	0.04571
rs2096190	1	117839665	-0.016	0.003	0.0054	0.0053	0.06391	0.06302
rs2126205	3	137081649	0.01	0.002	-0.0037	0.0037	0.04643	0.04579
rs2160316	2	202885167	-0.013	0.003	0.0074	0.004	-0.02541	0.04694
rs2203874	9	111966736	0.013	0.003	-0.0077	0.0041	-0.01205	0.04916
rs2237930	11	17897324	0.01	0.002	-0.0044	0.0031	0.05046	0.04599
rs2283	5	106773623	0.014	0.003	0.002	0.0034	0.04521	0.04823
rs2343637	2	199558179	-0.013	0.003	-0.001	0.0038	0.0205	0.04726
rs2380655	2	15650568	-0.011	0.003	0.0041	0.0041	-0.0468	0.04857
rs2406253	7	100077273	-0.017	0.003	-0.0041	0.0047	0.1926	0.05736
rs2426804	20	58237594	-0.014	0.003	0.0037	0.0057	-0.007142	0.06328
rs2431108	5	104069917	-0.012	0.003	0.0044	0.004	0.0375	0.04854
rs2456973	12	56416928	0.018	0.003	-0.0084	0.004	-0.02331	0.04803
rs249105	2	34538252	-0.015	0.003	0.0103	0.0059	-0.07012	0.06381
rs253415	5	74959970	-0.013	0.003	0.0189	0.0038	0.08064	0.05424
rs2697805	2	233375771	0.012	0.003	0.0106	0.0044	-0.05376	0.05145
rs2769271	1	151355546	-0.014	0.004	0.0062	0.0049	0.09075	0.06315
rs2780977	9	86252293	0.013	0.003	-0.0011	0.0043	-0.0001678	0.05259
rs2807837	1	220974202	0.017	0.004	-0.0071	0.0061	0.008896	0.0724
rs2831610	21	29551339	-0.013	0.003	0.004	0.0048	0.1031	0.05965
rs2837992	21	42620520	-0.013	0.003	0.0094	0.0038	0.01519	0.04732
rs28381527	6	88415508	-0.022	0.004	-0.0011	0.0133	0.01764	0.08431
rs28420834	15	82513121	0.015	0.003	-1e-04	0.0038	-0.01343	0.04712
rs28491529	18	75889700	-0.015	0.003	0.0036	0.0042	0.00368	0.0499
rs28507478	4	18682378	0.029	0.007	7e-04	0.0047	0.2634	0.1295
rs28513882	3	107316938	-0.016	0.003	0.0071	0.0049	-0.01144	0.05889
rs28522146	3	36938180	0.01	0.003	-0.0062	0.0038	-0.03147	0.04679
rs28584904	17	68996451	-0.012	0.003	5e-04	0.0047	-0.1103	0.0559
rs28792186	6	98528404	0.025	0.003	-0.0128	0.0038	-0.1037	0.04681
rs2926250	8	110341005	0.013	0.003	-0.0078	0.0038	-0.03223	0.04616
rs293570	20	31152094	-0.012	0.003	-0.0011	0.004	0.02699	0.04946
rs2964252	5	152067929	0.012	0.003	7e-04	0.004	0.0198	0.04924
rs2966157	16	15155898	0.013	0.003	-0.0113	0.0044	0.01285	0.05251
rs2990547	1	237752438	-0.01	0.002	-0.0074	0.0038	-0.07089	0.04606
rs301800	1	8490603	-0.017	0.003	0.0093	0.0049	0.078	0.06033
rs3026996	1	159169463	-0.014	0.003	8e-04	0.0046	-0.02412	0.0532
rs3095075	4	3253183	0.014	0.002	-0.0046	0.0038	-0.03309	0.04629
rs31829	5	11440630	0.021	0.005	0.0025	0.0073	0.023	0.08373
rs320700	7	137051175	0.016	0.003	-0.0077	0.0038	-0.0814	0.04752
rs327581	5	7914554	0.018	0.004	0	0.0065	-0.04746	0.08069
rs329120	5	133861756	0.013	0.002	-0.01	0.0043	-0.06332	0.04635
rs34147411	16	68081246	0.016	0.004	0.0108	0.0035	-0.002711	0.06541
rs34305371	1	72733610	0.036	0.004	0.0264	0.0055	-0.02502	0.07548
rs34344888	14	23401142	0.016	0.003	-0.0025	0.0038	-0.01024	0.04677
rs34347869	11	107340946	0.013	0.003	-0.0029	0.0046	-0.06111	0.05596
rs34708625	12	121180019	-0.013	0.003	0.0036	0.0043	-0.06763	0.05242
rs34720381	1	171455322	-0.021	0.004	0.0117	0.0063	0.1506	0.07913
rs34892180	3	5001148	-0.016	0.004	0.0018	0.0042	-0.01741	0.06686
rs35106872	10	21799726	-0.012	0.003	0.0118	0.0041	0.03009	0.04781
rs35311202	16	82829354	-0.012	0.003	0.0023	0.0047	0.04788	0.04858
rs35532491	22	34337383	0.021	0.004	-3e-04	0.0065	-0.04719	0.07543
rs35771425	1	211614280	-0.019	0.003	-0.0033	0.0046	0.0294	0.05505
rs35810066	1	44827837	0.01	0.003	9e-04	0.004	-0.04569	0.04759
rs35922256	20	51263242	0.013	0.003	-0.0133	0.0044	0.03408	0.05362
rs36159980	6	119237598	-0.015	0.003	-6e-04	0.0046	-0.0427	0.05406
rs3752252	20	59832791	0.012	0.003	0.0051	0.0038	0.06397	0.04771
rs37538	5	57636145	0.01	0.003	-0.0031	0.0031	0.03485	0.04678
rs3757323	6	152227421	0.013	0.003	-0.0031	0.0041	0.01893	0.04736
rs3769309	2	173679782	-0.012	0.002	0.0069	0.0038	0.0727	0.04597
rs3796594	4	81110443	0.021	0.005	-0.0082	0.0072	-0.02441	0.089
rs3890065	11	12778769	-0.015	0.003	0.0045	0.0038	-0.02762	0.0465
rs413348	7	101705521	0.013	0.003	-0.0024	0.0047	-0.04473	0.05546
rs415169	13	80778349	-0.014	0.003	0.0081	0.0062	-0.05747	0.05962
rs4240470	9	124623193	0.016	0.003	-0.0016	0.0041	0.05857	0.05004
rs4240927	1	221958189	0.012	0.002	-0.006	0.0037	-0.06054	0.04571
rs4244613	8	145741765	-0.014	0.003	1e-04	0.0044	0.01537	0.04655
rs4257013	12	58413833	0.013	0.003	-0.0037	0.0041	-0.06239	0.05003
rs4274686	22	27494460	-0.021	0.005	-0.0028	0.0077	-0.05877	0.0862
rs4343763	4	186801590	0.013	0.003	-0.0059	0.0041	0.03405	0.04974
rs4382592	9	134870755	0.013	0.003	-0.0047	0.0041	-0.1064	0.04989
rs4384309	10	133110596	0.011	0.003	-0.0012	0.0038	-0.0247	0.04606
rs4468571	15	78034268	0.014	0.003	-0.002	0.0038	0.02854	0.04597
rs4478846	1	98396847	0.018	0.003	-0.0062	0.0051	-0.03611	0.06134
rs4493682	5	45188024	0.019	0.003	0.0031	0.0049	0.03184	0.05969
rs4561907	4	174024753	0.012	0.003	0.0023	0.0043	-0.01679	0.05379
rs4598778	13	38125187	0.012	0.002	0.0012	0.0038	-0.1091	0.04632
rs4650228	1	74243377	0.013	0.002	0.0024	0.0067	-0.03899	0.04584
rs4726070	7	151328218	0.013	0.003	-0.0091	0.0038	-0.05364	0.04673
rs4741351	9	14222782	0.017	0.003	0.0017	0.004	0.02052	0.05088
rs4762227	12	99635765	0.011	0.003	-0.0085	0.0038	-0.03069	0.04752
rs4785187	16	49766772	-0.014	0.003	0.0061	0.0038	-0.05503	0.05504
rs4798707	18	8884589	-0.011	0.003	0.001	0.0038	0.01313	0.04601
rs4800490	18	21133937	0.015	0.002	-0.0195	0.0037	0.00217	0.04563
rs4807177	19	1955725	-0.012	0.003	0.0199	0.004	0.02311	0.05013
rs4847256	1	94207592	0.011	0.003	0.0037	0.004	-0.04023	0.04656
rs4855530	3	68910803	-0.013	0.003	0.0017	0.0047	0.009388	0.05814
rs4860729	4	67062794	-0.013	0.003	0.0053	0.0043	0.006658	0.05311
rs4863692	4	140764124	0.018	0.003	-0.0076	0.0041	-0.02749	0.04865
rs4878179	9	38129670	0.011	0.002	-0.0042	0.0038	-0.009397	0.04613
rs4904523	14	89723630	-0.01	0.002	0.0015	0.0038	0.02057	0.04563
rs496590	9	14493760	-0.011	0.003	0.0035	0.0042	-0.008708	0.04676
rs4974424	3	127148720	0.019	0.003	-0.0051	0.0052	0.0002471	0.06241
rs523934	11	95655481	0.015	0.003	-4e-04	0.0041	0.04025	0.04667
rs538628	17	44787313	-0.018	0.003	0.0042	0.0047	0.008724	0.05553
rs538751	6	93848400	0.012	0.003	-0.0047	0.0043	-0.04281	0.05292
rs541326	9	73706951	0.015	0.004	-3e-04	0.0057	0.03877	0.06466
rs56093134	7	1973970	0.013	0.003	-0.008	0.0048	-0.08358	0.05891
rs56095559	2	194250506	0.012	0.003	-0.0026	0.0046	-0.01434	0.05373
rs56236451	2	237068698	-0.018	0.003	0.0067	0.0051	0.07263	0.06143
rs56355243	17	79375998	0.014	0.003	0.0053	0.0048	0.1298	0.04803
rs5753691	22	31952045	0.012	0.003	0.0055	0.0044	0.04707	0.05602
rs57877670	7	32290694	-0.014	0.003	0.0184	0.0052	-0.01741	0.05473
rs58259767	13	53596883	-0.024	0.006	0.005	0.0084	-0.1118	0.1092
rs58515728	16	1756051	0.02	0.004	3e-04	0.0064	-0.001981	0.0799
rs58694847	14	84935161	-0.018	0.003	0.005	0.0042	0.05598	0.05205
rs5995757	22	40002570	0.013	0.002	-0.0046	0.0037	-0.002864	0.04622
rs60178806	4	66487141	0.011	0.003	8e-04	0.004	0.0118	0.04883
rs6034019	20	14702915	0.012	0.003	0.004	0.0041	0.05176	0.04975
rs6093681	20	41218344	-0.012	0.003	0.0033	0.0043	0.1033	0.04861
rs61160187	5	60167888	0.018	0.003	0.004	0.004	0.002501	0.04676
rs61527214	16	83612143	0.011	0.003	-0.0051	0.0042	-0.02113	0.04661
rs61785983	1	28851045	0.029	0.006	0.0065	0.009	-0.1293	0.1106
rs61917622	12	48156626	-0.015	0.004	-0.0038	0.0044	-0.1563	0.06324
rs62100767	18	50748499	-0.014	0.003	0.0069	0.0037	0.02871	0.04662
rs62103084	18	25637562	0.02	0.004	0.0034	0.0073	-0.08619	0.0741
rs621893	11	110016327	0.014	0.003	-0.0013	0.0043	-0.04993	0.05578
rs62244886	3	71592594	0.013	0.003	-0.0037	0.0038	-0.06552	0.04673
rs62263923	3	85679057	0.016	0.003	-0.0151	0.0038	-0.01812	0.04806
rs6459480	6	16663463	-0.013	0.002	-0.003	0.0037	0.01297	0.04583
rs648163	1	199315998	0.015	0.003	-0.0041	0.0043	-0.02498	0.05128
rs650705	13	69380786	0.018	0.004	-2e-04	0.0069	0.04127	0.08384
rs650740	1	70599620	0.011	0.003	-0.0078	0.004	0.01331	0.04849
rs6556982	5	92201080	0.011	0.003	-0.0036	0.0038	0.05719	0.04652
rs668924	13	38876748	-0.011	0.003	0.0032	0.0041	-0.008643	0.04783
rs6703019	1	179469747	0.013	0.003	0.0021	0.0044	-0.001071	0.05305
rs6739051	2	229101292	0.017	0.004	-0.001	0.0054	-0.07315	0.0676
rs6839705	4	106144735	-0.017	0.003	0.001	0.004	0.04119	0.04833
rs6844280	4	31387144	0.012	0.003	-3e-04	0.0037	0.03183	0.04665
rs6882046	5	87968864	0.021	0.003	0.0108	0.0043	0.07415	0.05222
rs6903953	6	37522668	0.012	0.002	0.0024	0.004	0.006004	0.04604
rs6924023	6	170185467	-0.012	0.003	-0.0047	0.0042	-0.06356	0.05375
rs6956484	7	27564862	-0.012	0.003	-8e-04	0.0038	0.07119	0.047
rs6963987	7	104514314	0.013	0.003	0.0111	0.0266	-0.07245	0.05774
rs6966898	7	135221170	-0.012	0.003	9e-04	0.004	0.04797	0.0488
rs6986109	8	81306695	0.014	0.003	-0.0018	0.0042	0.05373	0.05019
rs6991992	8	67624669	-0.035	0.008	0.0175	0.0125	-0.04099	0.161
rs7029201	9	23358081	0.025	0.003	0.0132	0.0528	0.01249	0.04632
rs7033137	9	72059114	-0.016	0.003	-0.005	0.0042	0.02415	0.05219
rs71411521	2	51202876	0.016	0.003	0.0032	0.0048	0.008507	0.06396
rs7146434	14	64726503	0.014	0.002	-0.0057	0.0038	0.02667	0.04583
rs71537331	1	243420388	-0.017	0.003	0.0025	0.004	0.02816	0.04803
rs7159392	14	61008596	-0.011	0.003	-2e-04	0.0038	0.02652	0.04717
rs7171414	15	92695082	-0.013	0.003	-0.0026	0.0048	0.07462	0.05151
rs7186160	16	65737243	0.012	0.003	-0.0012	0.0038	0.03439	0.04612
rs7199562	16	575312	-0.017	0.004	0.0014	0.0059	0.05411	0.07737
rs7236339	18	77579773	-0.013	0.003	0.0076	0.0044	0.005191	0.05451
rs72737809	14	72503080	-0.018	0.004	-0.001	0.0065	-0.006101	0.07865
rs72786644	5	93060781	0.015	0.003	0.0011	0.0049	-0.07523	0.05735
rs72944047	18	63536017	0.011	0.003	-0.0042	0.0042	0.001368	0.05222
rs73010903	3	153270426	0.017	0.004	-0.0016	0.0053	0.03603	0.0702
rs7329692	13	87057047	-0.021	0.004	2e-04	0.0074	-0.06607	0.08222
rs736282	14	94287860	-0.013	0.002	-0.0015	0.0038	-0.06087	0.04575
rs73897118	20	8549197	-0.029	0.007	3e-04	0.0105	-0.02516	0.1332
rs748439	3	16875823	-0.013	0.003	8e-04	0.004	0.02369	0.04729
rs75472858	16	73815413	-0.031	0.007	-9e-04	0.0141	-0.2329	0.127
rs75526569	15	66894208	0.016	0.004	0.0061	0.0058	-0.0201	0.06988
rs7558283	2	215289285	0.012	0.002	-0.0049	0.0038	-0.04108	0.04577
rs75731108	3	103326648	-0.014	0.003	0.0109	0.0047	0.05587	0.05906
rs7575558	2	124971023	0.011	0.003	0.0052	0.0041	-0.01316	0.05086
rs7579445	2	101076246	0.012	0.003	0.0057	0.0067	0.01247	0.04688
rs75901808	7	113924934	-0.022	0.005	0.0199	0.0085	-0.08029	0.08361
rs7599488	2	60718347	-0.017	0.002	0.0019	0.0038	0.0166	0.04605
rs7601713	2	157552860	-0.012	0.003	0.0063	0.0044	-0.03288	0.05179
rs7603132	2	4951781	0.014	0.003	-0.002	0.0056	-0.02993	0.0575
rs76076331	2	10987115	0.018	0.004	-0.004	0.0054	-0.007007	0.0698
rs766406	6	26319588	0.014	0.003	-0.0034	0.0038	0.04929	0.04725
rs7665151	4	97085993	0.015	0.003	0.0044	0.0051	-0.01732	0.06209
rs766847	5	66350706	-0.011	0.003	0.0047	0.0032	0.02643	0.04679
rs76878669	11	66092567	-0.014	0.003	0.0042	0.0044	0.08292	0.05428
rs77147536	11	41603185	-0.017	0.004	0.0034	0.0067	-0.04686	0.07544
rs7774377	6	109605668	0.012	0.002	-0.0068	0.0037	-0.03206	0.04574
rs7776010	6	14723608	0.021	0.003	2e-04	0.0056	-0.008635	0.05886
rs7783791	7	72263107	-0.015	0.003	0.01	0.0043	-0.08397	0.05449
rs7786263	7	8008970	-0.02	0.004	2e-04	0.0056	-0.07113	0.06953
rs77893928	12	2333743	-0.025	0.006	-0.003	0.0094	-0.0843	0.1026
rs7793241	7	21417963	-0.011	0.002	-0.0017	0.0038	-0.0009552	0.04612
rs7835668	8	48309587	-0.015	0.003	9e-04	0.0042	-0.02247	0.05531
rs7864396	9	96251318	0.012	0.003	-0.001	0.004	0.04463	0.0477
rs78733770	8	143621892	-0.016	0.004	-0.0015	0.0064	-0.02971	0.06663
rs78827556	22	30080517	0.017	0.004	0.0069	0.0056	0.09144	0.06665
rs79001701	2	105952417	-0.019	0.004	0.0138	0.0058	-0.0311	0.06837
rs7910869	10	67964514	0.015	0.003	-0.0083	0.0044	-0.08223	0.0565
rs79123036	2	186283383	0.02	0.004	0.0011	0.0044	0.07009	0.07788
rs79210963	7	24781824	0.017	0.004	-0.0092	0.0058	-0.03063	0.07133
rs7948975	11	90427867	-0.014	0.003	7e-04	0.0068	0.09665	0.04658
rs7964899	12	14643717	0.017	0.002	-0.004	0.0068	-0.02781	0.04601
rs79745680	13	77975166	0.029	0.007	0.0091	0.0088	0.1801	0.1459
rs7977614	12	110115286	0.014	0.003	-0.0068	0.0056	0.008843	0.05007
rs79794840	2	80463854	0.021	0.004	0.0034	0.0059	-0.01551	0.07713
rs7987286	13	64618428	0.013	0.003	0.008	0.0042	-0.0177	0.04814
rs7987438	13	101373056	-0.012	0.003	0.0012	0.0041	-0.001477	0.05026
rs8010517	14	77237074	0.014	0.003	-0.0012	0.0051	0.03765	0.05576
rs8036389	15	97492430	-0.012	0.003	-0.0015	0.0041	0.04107	0.04764
rs8049439	16	28837515	-0.015	0.003	0.0296	0.0031	-0.02968	0.04653
rs8067489	17	7403942	0.013	0.003	-0.0083	0.0051	0.006374	0.05568
rs8114052	20	3113818	-0.011	0.003	-0.0055	0.004	-0.03288	0.04616
rs876064	11	64037033	0.014	0.003	0.0057	0.0049	0.001962	0.05962
rs884534	3	195964298	-0.012	0.003	6e-04	0.0043	-0.0586	0.0525
rs942862	14	104027557	0.012	0.003	-0.0124	0.004	-0.07949	0.0481
rs943782	13	27575037	-0.01	0.002	0.003	0.0041	-0.05806	0.04569
rs9457812	6	160444011	0.015	0.004	-0.0064	0.0056	-0.004445	0.0661
rs949486	9	120916708	0.01	0.003	8e-04	0.0044	-0.03593	0.04666
rs9503598	6	3454032	0.012	0.002	-0.0023	0.0037	0.002711	0.04634
rs9527702	13	58429562	-0.023	0.003	0.0076	0.0043	-0.08534	0.05091
rs9556958	13	99100046	-0.015	0.002	0.0051	0.0038	0.07915	0.04592
rs9616906	22	51104680	0.015	0.003	5e-04	0.0038	-0.0412	0.04595
rs969512	4	147925900	0.011	0.003	-0.0059	0.0038	-0.04863	0.04853
rs9704541	11	37682898	0.01	0.002	-0.0044	0.0037	0.05784	0.04588
rs9714073	3	93605126	-0.013	0.003	0.0051	0.0043	0.01051	0.05235
rs9739070	12	123829028	-0.024	0.003	-7e-04	0.0041	-0.01544	0.05678
rs9792504	9	1765756	0.018	0.003	-4e-04	0.004	-0.01101	0.04853
rs9820604	3	72363674	-0.014	0.003	0.0038	0.0052	-0.07179	0.0605
rs9914544	17	18811846	0.013	0.003	0.0024	0.0038	-0.01831	0.04728
rs9938678	16	61551277	0.013	0.003	-1e-04	0.0046	0.05687	0.05416
rs10009336	4	44480783	-0.001	0.003	-0.0183	0.0042	-0.06915	0.06228
rs1000940	17	5283252	0.004	0.003	0.0192	0.0034	-0.01364	0.04991
rs1003081	11	118913993	-0.004	0.003	0.0128	0.0031	-0.02185	0.04591
rs10132280	14	25928179	-0.001	0.003	-0.023	0.0034	-0.01212	0.05001
rs1016287	2	59305625	0.006	0.003	-0.0229	0.0034	-0.02615	0.04983
rs10182181	2	25150296	0.001	0.002	0.0307	0.0031	0.006817	0.04562
rs10236427	7	4379718	-0.003	0.003	0.02	0.0048	0.07137	0.05752
rs10460960	3	42308735	-0.001	0.004	0.02	0.0048	-0.05793	0.07172
rs10499694	7	50614173	-0.002	0.002	-0.0149	0.0031	0.02842	0.04572
rs10515237	5	95751549	0	0.003	0.0158	0.0034	0.01011	0.05073
rs10540	11	494662	0	0.004	-0.0221	0.0047	0.04423	0.06664
rs10733682	9	129460914	-0.001	0.002	-0.0174	0.0031	0.04312	0.04639
rs10742752	11	45438374	0.001	0.003	0.0141	0.0031	-0.0591	0.04683
rs10761785	10	65321147	0.014	0.002	-0.0128	0.0031	0.04123	0.04578
rs10772983	12	17141582	-0.001	0.002	-0.0124	0.003	0.04558	0.04571
rs10785266	12	41815668	0.007	0.002	0.0156	0.0037	0.01208	0.04581
rs10864361	1	8726721	-0.007	0.003	0.0129	0.0031	0.07657	0.04718
rs10909880	1	2727804	0.002	0.002	-0.0139	0.0032	-0.05561	0.04617
rs10920678	1	190239907	0.001	0.002	-0.0147	0.0031	-0.04323	0.04605
rs10929925	2	6155557	0	0.002	-0.0152	0.0031	0.08671	0.04624
rs10938397	4	45182527	-0.007	0.003	0.0402	0.0031	-0.0008505	0.04617
rs10968576	9	28414339	0	0.003	0.0249	0.0033	0.03255	0.04863
rs10971721	9	33827694	0.007	0.004	-0.0255	0.0058	0.006443	0.07392
rs11030104	11	27684517	0.006	0.003	-0.0414	0.0038	-0.0003024	0.05677
rs11057405	12	122781897	-0.004	0.004	-0.0307	0.0055	0.05225	0.07435
rs11124417	2	35403113	0.002	0.003	-0.0145	0.0031	-0.007875	0.04727
rs1114845	6	160707247	-0.001	0.003	0.0235	0.0047	-0.06551	0.05257
rs11150911	18	73498528	-0.001	0.003	-0.0151	0.0034	0.02412	0.05126
rs11165643	1	96924097	-0.004	0.003	0.0218	0.0031	0.04509	0.04649
rs11168854	12	49485373	0.003	0.003	0.0161	0.0033	-0.06873	0.04779
rs11170468	12	39430048	0.003	0.003	-0.0195	0.0036	-0.03678	0.05384
rs11247009	12	132701184	-0.003	0.003	0.0246	0.0053	-0.04135	0.06143
rs11603334	11	72432985	-0.015	0.003	0.0184	0.0042	0.04644	0.06282
rs11605729	11	69277975	0.003	0.003	-0.0162	0.0034	-0.0173	0.04849
rs11611246	12	939480	0.009	0.003	0.0207	0.004	0.05305	0.05581
rs11672550	19	1937193	-0.006	0.003	0.021	0.0041	0.02257	0.04668
rs11677911	2	237905331	-0.002	0.003	0.0147	0.0036	-0.08693	0.05256
rs1167827	7	75163169	-0.007	0.003	0.0202	0.0033	0.08686	0.0461
rs11709077	3	12336507	0.001	0.004	0.0241	0.0046	0.03795	0.07031
rs11727676	4	145659064	-0.008	0.005	-0.0358	0.0064	-0.04094	0.07702
rs11771526	7	32342618	-0.016	0.004	0.0268	0.0062	-0.01098	0.07606
rs11787111	8	65192451	0.008	0.008	-0.0531	0.0115	-0.1266	0.1473
rs11880870	19	18830704	0.004	0.002	-0.0176	0.0035	-0.03721	0.04568
rs11933901	4	175816341	0.001	0.003	0.0196	0.0046	-0.04741	0.05536
rs11980720	7	37509747	-0.004	0.002	0.0126	0.0031	-0.01477	0.04567
rs11997175	8	33770070	-0.003	0.002	-0.0141	0.0031	-0.03704	0.04561
rs12067638	1	78520822	0.009	0.003	-0.0171	0.0034	-0.0219	0.05088
rs12150665	17	34914787	0.006	0.003	-0.0161	0.0031	0.03198	0.04642
rs12189178	5	50914726	-0.004	0.006	0.0351	0.0085	0.09528	0.1279
rs12286929	11	115022404	-0.004	0.002	0.0217	0.0031	0.01337	0.0458
rs12352785	9	6956850	0.004	0.003	-0.0158	0.0033	0.03069	0.04928
rs12429545	13	54102206	-0.005	0.004	0.0334	0.0047	0.1242	0.06851
rs12450239	17	77449095	0.001	0.003	0.0191	0.0046	0.07152	0.0526
rs12467261	2	227888838	-0.002	0.003	0.0172	0.0038	0.04261	0.04625
rs12519652	5	165243019	0	0.003	-0.0139	0.0033	-0.04098	0.04823
rs12593036	15	81058652	0.005	0.003	-0.0179	0.0041	0.01451	0.04982
rs12887636	14	29702590	0.006	0.003	-0.0168	0.0033	0.1155	0.04823
rs12894211	14	69794551	-0.002	0.003	-0.0207	0.0046	0.06975	0.05323
rs12899905	15	47142090	0.001	0.003	-0.0148	0.0034	0.1113	0.05124
rs12940622	17	78615571	0.001	0.002	-0.0182	0.0031	-0.01107	0.04594
rs12961799	18	12904399	-0.002	0.003	0.0164	0.0037	0.04242	0.051
rs12986742	2	58975143	-0.003	0.002	0.0212	0.0037	0.01581	0.04592
rs13021737	2	632348	-0.005	0.003	0.0601	0.004	0.02283	0.06053
rs13078960	3	85807590	-0.003	0.003	0.0297	0.0039	-0.1177	0.05698
rs13099482	3	85916542	0.013	0.003	-0.0146	0.0031	-0.06546	0.04676
rs13107325	4	103188709	-0.015	0.005	0.0477	0.0068	0.124	0.08644
rs13166160	5	36636501	-0.001	0.002	0.0156	0.0038	0.08428	0.04618
rs13191362	6	163033350	0.009	0.004	-0.0277	0.0048	-0.0168	0.06918
rs13201877	6	137675541	-0.005	0.004	0.0233	0.0045	-0.0744	0.06784
rs1436351	3	104617973	-0.01	0.003	0.0158	0.0036	0.03957	0.05249
rs1439620	15	93429646	0.003	0.003	-0.0158	0.0033	-0.08463	0.04907
rs1441264	13	79580919	-0.005	0.003	0.0175	0.0032	-0.01825	0.04743
rs1460678	2	164584156	-0.006	0.004	0.0293	0.0059	0.01102	0.07282
rs1503526	5	63020706	-0.011	0.002	0.0134	0.0033	-0.04569	0.04566
rs150992	5	98275197	-0.003	0.003	-0.0173	0.0034	0.03662	0.0495
rs1516725	3	185824004	0.016	0.004	0.0451	0.0046	0.1696	0.06644
rs1517037	18	56878274	-0.002	0.003	-0.0195	0.0048	-0.1053	0.05855
rs1523768	3	77667044	0.001	0.003	-0.0141	0.0033	-0.004234	0.04866
rs1528435	2	181550962	-0.007	0.003	0.0178	0.0031	0.02164	0.04708
rs1541777	2	219587291	-0.002	0.002	0.0158	0.0031	0.06078	0.04569
rs1557765	11	17403639	-0.001	0.003	0.015	0.0031	-0.003692	0.04717
rs1561589	10	126695673	-0.002	0.003	0.0157	0.0033	0.01979	0.04743
rs1593312	7	131584453	-0.004	0.003	-0.0156	0.0036	0.01046	0.05345
rs16851483	3	141275436	-0.016	0.005	0.0483	0.0077	0.1373	0.09199
rs1689437	12	89758046	0.006	0.005	0.0274	0.0066	0.2249	0.0947
rs16951275	15	68077168	0.002	0.003	-0.0311	0.0037	-0.01487	0.05464
rs17001654	4	77129568	-0.003	0.003	0.0306	0.0053	0.01605	0.06517
rs17024393	1	110154688	-0.001	0.007	0.0658	0.0088	0.1309	0.1438
rs17066856	18	58049656	0.002	0.004	-0.0395	0.0055	0.03446	0.07913
rs1707322	1	46505147	-0.009	0.003	0.0153	0.0034	-0.04938	0.05004
rs17094222	10	102395440	-0.001	0.003	0.0249	0.0038	-0.01267	0.05595
rs17149797	8	9189971	-0.004	0.003	0.0171	0.0038	0.04739	0.05434
rs17203016	2	208255518	-0.009	0.003	0.021	0.0039	-0.05541	0.05695
rs17380544	1	77958712	-0.002	0.003	0.0177	0.0042	0.03057	0.05017
rs17405819	8	76806584	0.009	0.003	-0.0224	0.0033	-0.002694	0.04991
rs17630235	12	112591686	0.001	0.003	-0.0156	0.0031	0.000227	0.04642
rs17724992	19	18454825	0.011	0.003	-0.0194	0.0035	-0.02221	0.05164
rs1808579	18	21104888	0.014	0.002	-0.0167	0.0031	0.004764	0.0457
rs181362	22	21932068	0.004	0.003	0.0155	0.0038	0.01966	0.05803
rs1830074	7	6718674	-0.01	0.003	0.0185	0.0042	0.1285	0.04995
rs1884429	1	11112836	0.006	0.003	-0.0151	0.0036	0.05978	0.05421
rs1884897	20	6612832	0.001	0.003	0.0156	0.0031	-0.00102	0.04742
rs1928295	9	120378483	0.006	0.002	-0.0188	0.0031	-0.005784	0.04606
rs200810	6	97922184	0.007	0.003	-0.0141	0.0031	0.05583	0.04725
rs2008229	18	41047116	0	0.003	0.0178	0.0041	0.07271	0.04898
rs2033732	8	85079709	0	0.003	0.0192	0.0035	-0.02532	0.05244
rs205262	6	34563164	-0.008	0.003	0.0221	0.0035	-0.01247	0.05146
rs2112347	5	75015242	0.009	0.003	-0.0261	0.0031	-0.07465	0.04768
rs2121279	2	143043285	-0.001	0.004	0.0245	0.0044	0.07694	0.06904
rs2176598	11	43864278	-0.001	0.003	-0.0198	0.0036	0.03669	0.05304
rs2207139	6	50845490	0	0.003	0.0447	0.004	-0.02495	0.06095
rs2228213	6	12124855	0.004	0.003	-0.0159	0.0033	-0.009088	0.04796
rs2236176	20	21081488	-0.006	0.003	0.0202	0.0043	-0.009786	0.0639
rs2245368	7	76608143	-0.009	0.004	-0.0317	0.0057	-0.01993	0.06129
rs2270204	9	131042734	0.001	0.003	0.0189	0.0037	-0.001471	0.05383
rs2276638	2	220145286	0.012	0.003	-0.0187	0.0043	-0.02244	0.05975
rs2281727	17	2117945	-0.001	0.003	0.0146	0.0031	0.07265	0.0477
rs2287019	19	46202172	0.003	0.003	-0.036	0.0042	-0.03982	0.05966
rs2298278	10	104390303	-0.008	0.004	0.0253	0.0053	0.04597	0.08364
rs2303223	16	31075175	0.005	0.003	-0.0184	0.0031	-0.04283	0.04717
rs2365389	3	61236462	0.005	0.002	-0.02	0.0031	0.06547	0.0465
rs2391518	4	130817060	0.001	0.003	-0.0161	0.0033	0.007742	0.04923
rs2415168	15	73109629	-0.001	0.003	0.0159	0.0035	0.05682	0.05277
rs2440339	15	53035355	-0.001	0.003	0.0205	0.0048	-0.004512	0.0502
rs2478881	6	51184712	0.001	0.003	-0.0163	0.004	0.01571	0.04825
rs2481665	1	62594677	0.005	0.002	-0.0159	0.0031	0.09112	0.04585
rs2579103	12	90633507	-0.004	0.003	-0.0212	0.0042	-0.02309	0.05259
rs2770102	6	21819216	0.007	0.003	-0.0141	0.0031	-0.002333	0.04609
rs2820292	1	201784287	-0.01	0.002	0.0195	0.0031	0.09504	0.04611
rs2836754	21	40291740	0.003	0.003	0.0164	0.0032	-0.00373	0.04756
rs2869619	4	87753862	-0.008	0.005	0.0263	0.0064	0.1215	0.09346
rs288180	5	107349711	0	0.003	-0.0217	0.0049	-0.01018	0.06088
rs2885415	16	395396	0.006	0.003	-0.0204	0.0043	-0.06892	0.05221
rs2984618	1	47690438	0	0.003	0.0169	0.0031	-0.0398	0.04632
rs2986643	9	28924191	0.004	0.003	0.0184	0.0044	0.0008038	0.05534
rs29941	19	34309532	-0.005	0.003	0.0182	0.0033	0.03632	0.04871
rs3101336	1	72751185	0.012	0.003	0.0334	0.0031	-0.004225	0.04655
rs3134353	8	101947453	0.001	0.003	0.0174	0.004	0.04624	0.04693
rs33436	19	30943677	0.003	0.003	0.0179	0.0038	-0.08765	0.04738
rs355810	2	165685646	0	0.003	0.0142	0.0031	0.06817	0.04712
rs3734557	6	40360465	-0.001	0.003	0.0145	0.0031	-0.02134	0.04656
rs3736485	15	51748610	0	0.002	-0.0176	0.0031	-0.06856	0.04598
rs3783890	14	93790276	0.004	0.003	-0.0194	0.0039	0.01628	0.05891
rs3817334	11	47650993	0	0.003	0.0262	0.0031	0.05666	0.04634
rs3817973	6	32361111	-0.003	0.003	-0.0129	0.0031	0.03088	0.0458
rs3849570	3	81792112	-0.003	0.003	0.0188	0.0034	0.09358	0.04788
rs3888190	16	28889486	-0.014	0.003	0.0309	0.0031	-0.03038	0.04658
rs4144743	17	45323125	-0.006	0.003	0.0233	0.0051	-0.06355	0.06194
rs4238584	16	20252720	-0.004	0.004	0.0271	0.0065	-0.04865	0.08836
rs4256980	11	8673939	0	0.003	0.0209	0.0031	0.007492	0.04813
rs427943	21	46570896	-0.006	0.002	0.0181	0.0036	0.04672	0.04604
rs4319045	8	28059645	0.002	0.004	-0.0209	0.0051	0.08754	0.0775
rs4327120	18	36532976	0.006	0.004	-0.025	0.0061	0.0752	0.07243
rs4342589	8	34501546	0.002	0.003	-0.0168	0.0038	-0.0008438	0.04634
rs4357530	1	151103153	0.006	0.003	-0.016	0.0033	0.007164	0.04905
rs4395360	3	157318257	0	0.003	-0.0173	0.0038	0.06793	0.04718
rs4566392	2	79506643	-0.004	0.004	0.0291	0.0064	0.008054	0.07404
rs4568876	1	32152518	0.003	0.003	0.018	0.0041	-0.03664	0.04622
rs4577313	2	418433	0.001	0.003	0.0192	0.0047	-0.0118	0.05271
rs459552	5	112176756	0.001	0.003	-0.0168	0.0038	0.07699	0.05426
rs4738873	8	62086176	0.007	0.003	-0.0199	0.004	-0.1555	0.06381
rs4740619	9	15634326	0.004	0.002	-0.0179	0.0031	-0.02479	0.04595
rs4809401	20	62737568	0.001	0.004	-0.0201	0.0047	-0.1198	0.06871
rs4820408	22	40604945	0.001	0.003	-0.015	0.0032	0.05193	0.04651
rs4833079	4	38654681	0.004	0.003	-0.0137	0.0031	-0.09061	0.04629
rs4833407	4	113311790	0	0.003	0.016	0.0038	0.0188	0.04654
rs4984406	15	95268494	0.001	0.002	-0.0159	0.0031	-0.05414	0.04563
rs4986044	17	21261560	0.004	0.003	-0.0164	0.0031	0.01607	0.04595
rs543874	1	177889480	-0.006	0.003	0.0482	0.0039	0.02115	0.05624
rs6091540	20	51087862	0.008	0.003	-0.0188	0.0035	0.05084	0.04982
rs6477694	9	111932342	0.004	0.003	-0.0174	0.0031	0.03523	0.04795
rs6504108	17	46292923	0.001	0.003	-0.0174	0.0034	-0.07969	0.0508
rs6567160	18	57829135	0	0.003	0.0556	0.0036	-0.0286	0.05399
rs6569648	6	130349119	0	0.003	-0.017	0.0036	-0.03077	0.05324
rs657452	1	49589847	0.004	0.003	-0.0227	0.0031	-0.01859	0.04695
rs6606686	12	110903380	-0.001	0.003	-0.0144	0.0033	-0.05031	0.04883
rs6656785	1	75005776	0.003	0.003	0.0217	0.0031	-0.003902	0.04672
rs6713510	2	227034499	-0.003	0.002	0.0164	0.0031	0.07022	0.04583
rs6804842	3	25106437	0.003	0.002	0.0185	0.0031	0.02608	0.04622
rs6837552	4	60560258	-0.001	0.003	-0.0163	0.004	0.0211	0.04793
rs6841761	4	25423538	0.006	0.002	-0.0128	0.0031	0.003117	0.04578
rs6864049	5	124330522	-0.009	0.002	0.0158	0.0031	-0.03952	0.04627
rs6870983	5	87697533	0.015	0.003	-0.0184	0.0036	0.001043	0.05609
rs6950442	7	114412664	-0.004	0.003	0.0194	0.0046	-0.1618	0.05749
rs6990042	8	14173974	0.01	0.002	-0.0158	0.0032	0.04438	0.04582
rs7024334	9	109072075	0.006	0.003	-0.0159	0.0037	-0.1479	0.05512
rs709400	14	104149475	0.004	0.003	-0.0167	0.0031	-0.09044	0.04728
rs7138803	12	50247468	-0.002	0.003	0.0315	0.0031	0.03139	0.04725
rs7141420	14	79899454	-0.003	0.002	0.0235	0.0031	0.03264	0.04598
rs7143963	14	103304425	-0.003	0.003	0.0204	0.004	-0.02667	0.06076
rs715	2	211543055	-0.001	0.003	0.022	0.0049	0.05134	0.04957
rs7223966	17	61893398	0.008	0.003	-0.0168	0.0034	-0.003112	0.05065
rs7226371	18	1850771	-0.003	0.003	0.0206	0.0043	-0.02983	0.06392
rs7239883	18	40147671	0	0.003	-0.0164	0.0031	0.009583	0.04719
rs751008	10	129142417	0	0.003	0.0201	0.0041	0.002824	0.04594
rs7541396	1	233294727	-0.005	0.003	-0.0163	0.004	0.03345	0.04906
rs7570971	2	135837906	0.007	0.003	-0.0165	0.0034	0.05787	0.05235
rs758747	16	3627358	0.008	0.003	0.0225	0.0037	-0.04614	0.05148
rs7599312	2	213413231	0.004	0.003	-0.022	0.0034	-0.005797	0.05201
rs7613875	3	49971514	-0.02	0.002	0.0158	0.0032	0.05173	0.04596
rs7616009	3	194881756	-0.005	0.003	-0.0241	0.0054	-0.0521	0.06429
rs7621025	3	136272246	-0.005	0.003	0.0168	0.0036	0.06089	0.05204
rs7640424	3	107820063	0.013	0.003	-0.0151	0.0033	0.01061	0.04924
rs7899106	10	87410904	0	0.006	0.0395	0.0071	0.008939	0.105
rs7903146	10	114758349	-0.001	0.003	-0.0234	0.0034	-0.08447	0.0502
rs792361	3	173044559	0.001	0.003	-0.0143	0.0035	0.0545	0.04675
rs7947910	11	112997413	0	0.002	0.0175	0.0038	0.00622	0.04605
rs7970953	12	24075508	0.001	0.003	0.0151	0.0033	-0.07019	0.05095
rs8106922	19	45401666	-0.007	0.003	0.0139	0.0034	-0.01264	0.0468
rs8123881	20	15819495	0	0.004	0.0228	0.0045	-0.05831	0.0675
rs879620	16	4015729	-0.003	0.003	0.0244	0.004	0.05237	0.04703
rs889398	16	69556715	0.001	0.002	-0.0156	0.0031	-0.07929	0.04655
rs926914	22	41418154	0.003	0.003	0.0138	0.0034	0.01732	0.05045
rs9374842	6	120185665	0.001	0.003	0.0187	0.0035	0.001808	0.0544
rs9400239	6	108977663	0.007	0.003	0.0188	0.0033	0.01475	0.05008
rs943466	6	33731787	0.003	0.003	-0.0157	0.0035	0.04486	0.05407
rs9540493	13	66205704	-0.001	0.002	-0.0172	0.0033	0.01989	0.04601
rs9579083	13	28017270	-0.004	0.003	0.0295	0.0047	0.1282	0.05936
rs9633835	11	13345593	0.002	0.003	-0.0179	0.004	0.07379	0.04772
rs9634489	13	97049004	-0.002	0.002	0.0164	0.0032	-0.08336	0.04602
rs9641123	7	93197732	0.001	0.003	0.0191	0.0038	-0.04326	0.0465
rs965215	17	55701558	-0.001	0.003	-0.0185	0.0042	-0.01839	0.06144
rs9660180	1	1723031	0.004	0.003	0.0171	0.0035	-0.05583	0.04573
rs966457	4	143708318	0.002	0.003	0.0158	0.0038	0.05824	0.04736
rs972540	2	207244783	0.002	0.003	0.0178	0.0034	0.09005	0.05098
rs9856151	3	131574485	-0.005	0.003	0.0165	0.0034	0.056	0.05117
rs9926784	16	19941968	-0.005	0.003	-0.0265	0.0042	0.02887	0.0589
rs998584	6	43757896	0.003	0.003	-0.017	0.0035	0.03898	0.04576
