SNP	chr	pos	beta.暴露	se.暴露	beta.中介	se.中介	beta.结局	se.结局
rs10006235	4	130670108	0.015	0.003	-0.00409403	0.00620023	-0.03576	0.05135
rs10013922	4	46389361	0.013	0.003	0.00938416	0.00621481	0.0129	0.05168
rs10032881	4	179239157	-0.011	0.003	0.00195017	0.00570138	-0.01368	0.04731
rs1004049	4	163796868	-0.011	0.002	-0.0082225	0.00550619	-0.005889	0.04647
rs1006749	20	41716653	0.011	0.003	0.00280074	0.0055792	-0.02588	0.04563
rs1008078	1	91189731	-0.016	0.003	0.0120232	0.0056304	-0.07632	0.04686
rs1011124	1	7533164	-0.012	0.003	0.0201125	0.00562162	-0.02398	0.04663
rs10155336	4	22280964	-0.027	0.006	0.00323504	0.0139472	0.2538	0.121
rs10215256	7	3484884	0.012	0.002	-0.00493818	0.00554537	0.003276	0.04587
rs10279412	7	11822385	0.012	0.003	0.00277086	0.0063236	-0.02447	0.05279
rs1035578	16	12531365	-0.013	0.002	0.00572082	0.00553052	-0.06153	0.04601
rs1036814	8	26578762	-0.011	0.003	0.000188023	0.00585857	-0.03829	0.04873
rs10483349	14	29629456	0.019	0.003	-0.019732	0.00707428	0.04548	0.05915
rs10752262	10	12395100	0.014	0.003	0.00518276	0.00557899	-0.0112	0.04618
rs1076780	22	50883359	-0.014	0.003	0.0166786	0.00679203	-0.03541	0.0508
rs10772644	12	13417617	0.021	0.004	-0.0154058	0.00853249	-0.0878	0.07372
rs10793247	11	76992664	-0.012	0.003	-0.000699727	0.00565696	0.005447	0.04675
rs10798418	1	175839834	-0.01	0.003	0.00111219	0.00561739	-0.01639	0.04661
rs10844084	12	32143277	0.012	0.003	-0.00676056	0.00633185	-0.001582	0.05259
rs10846170	12	15533131	-0.013	0.003	-0.00101178	0.0063236	-0.006872	0.05319
rs10884078	10	106769696	-0.014	0.003	-0.00798892	0.00708902	0.0386	0.0586
rs10906190	10	12678430	-0.011	0.003	0.00154968	0.00558467	-0.02182	0.04608
rs10939974	5	62833879	-0.012	0.003	0.00492519	0.00584512	-0.04282	0.04863
rs10953766	7	114313218	-0.014	0.003	0.012681117	0.005577149	0.05015	0.0464
rs11008183	10	30979379	-0.01	0.003	0.00584098	0.00559464	0.05856	0.04663
rs1106761	8	142619234	-0.017	0.003	-0.00734349	0.00564884	-0.0419	0.04739
rs11078827	17	9985841	-0.012	0.002	-0.00136293	0.0055781	0.08998	0.04567
rs11115056	12	82258775	0.019	0.004	-0.00626625	0.00927951	0.02891	0.07725
rs111321694	11	110959132	-0.018	0.003	0.0084831	0.00794515	0.07079	0.06056
rs11142398	9	73028766	-0.012	0.003	-0.00416318	0.00556328	0.02923	0.04638
rs1115240	14	27090388	-0.014	0.003	0.00414509	0.00629927	0.02315	0.05212
rs1118399	15	27235372	-0.012	0.003	0.00803774	0.00558662	-0.07497	0.04645
rs11191193	10	103802408	-0.019	0.003	0.00089206	0.00579455	-0.04958	0.04783
rs11201551	10	87072168	0.013	0.003	-0.00198807	0.00693418	-0.02166	0.05706
rs11202702	10	90054268	0.012	0.002	0.00315572	0.00554403	0.06266	0.04626
rs11209970	1	41843440	0.014	0.003	0.0114121	0.00600636	-0.002101	0.04997
rs112153180	18	52887565	-0.024	0.006	0.0117371	0.0129932	-0.01708	0.1039
rs11222416	11	130861994	-0.015	0.003	0.0114128	0.00551661	-0.03743	0.04577
rs11222609	11	131295005	0.014	0.003	0.00679732	0.00572437	-0.07371	0.04774
rs11229113	11	57510823	-0.011	0.003	0.0125613	0.00586313	0.0731	0.04882
rs11241568	5	120140556	-0.012	0.003	-0.00119452	0.00584957	0.06315	0.04901
rs11252376	10	4190795	-0.016	0.003	-0.00151975	0.00719623	-0.005581	0.05907
rs113293305	8	136961356	-0.035	0.008	0.0172511	0.0151888	0.126	0.1193
rs1143770	11	122017598	0.012	0.003	-0.00149125	0.00558086	-0.04121	0.04627
rs114699946	5	26813730	-0.049	0.01	-0.007419656	0.01399686	-0.05037	0.1086
rs114733448	4	1754494	0.016	0.003	-0.00524274	0.00727738	0.05699	0.05862
rs1158109	7	79577607	-0.012	0.003	0.0113747	0.00588173	-0.04832	0.0492
rs1158542	14	41373700	-0.011	0.002	-0.00137962	0.0055053	-0.06552	0.04562
rs11588857	1	204587047	0.022	0.003	-0.0154049	0.00686872	0.004869	0.05609
rs116475118	3	133087574	-0.039	0.009	0.00602133	0.0213554	0.258	0.1687
rs11657674	17	28860333	-0.01	0.003	0.00335131	0.00557777	-0.03325	0.04566
rs116769857	2	125932699	-0.027	0.006	0.000604138	0.012489	0.2348	0.1077
rs11690172	2	57402025	-0.012	0.003	0.00610716	0.00615974	-0.003107	0.0465
rs11726992	4	159681597	-0.014	0.003	0.00736844	0.00557002	0.0236	0.0463
rs11752914	6	155910988	-0.015	0.003	-0.00310946	0.00705968	0.07887	0.05765
rs11778076	8	25913258	-0.013	0.003	-0.00398877	0.0062755	-0.05177	0.05229
rs117847766	9	99197655	0.016	0.003	-0.014659	0.00809408	-0.03442	0.06135
rs118134876	7	11500372	-0.025	0.006	-0.00230077	0.0121261	0.125	0.09636
rs11853991	15	43557549	0.013	0.003	0.00234023	0.00602242	0.02021	0.04893
rs11879230	19	53333892	0.014	0.003	-0.00172362	0.0061755	-0.04895	0.04751
rs11924032	3	170743051	-0.012	0.003	0.0147477	0.00617174	0.007443	0.05228
rs12005144	9	13214640	-0.016	0.003	-0.001158853	0.007527562	-0.009792	0.06201
rs1220543	3	150593719	0.056	0.013	0.00156465	0.0234287	-0.08246	0.1894
rs12212729	6	105281212	-0.023	0.005	-0.00859412	0.0103687	-0.0623	0.08346
rs12259847	10	107703278	0.014	0.003	-0.00548228	0.00703088	0.05698	0.0589
rs12410444	1	44188719	0.018	0.003	-0.0107375	0.0060887	-0.09879	0.04986
rs12432012	14	24666170	0.017	0.004	0.0106845	0.00909521	0.0512	0.07503
rs12441896	15	96914181	0.015	0.003	0.00364605	0.0061108	-0.02404	0.05174
rs12455422	18	42811909	-0.013	0.003	0.00816914	0.00703088	0.02055	0.05808
rs12462428	19	16694610	-0.016	0.003	-0.00366822	0.00690766	0.01591	0.05799
rs12478156	2	164379658	-0.012	0.003	0.00565007	0.00576358	-0.03299	0.04781
rs12514965	5	113988893	-0.018	0.003	0.00500253	0.00650172	-0.02311	0.0539
rs12531458	7	39090698	-0.011	0.002	0.0127276	0.00550778	-0.03786	0.04581
rs12552	13	53625781	-0.01	0.002	-0.0141324	0.00553891	0.03766	0.0462
rs12639645	4	90906161	0.011	0.003	0.00919363	0.00567984	-0.04335	0.04703
rs12640626	4	176626272	0.013	0.002	-0.00633032	0.00557353	0.08177	0.04615
rs12645160	4	160469420	-0.011	0.002	0.0013425	0.00556006	0.02054	0.04594
rs12676895	8	763540	-0.012	0.003	0.00421627	0.00629927	-0.05068	0.05215
rs12694681	2	226609241	-0.014	0.003	-0.00546301	0.0059465	0.01168	0.04918
rs12761761	10	133775375	0.017	0.003	-0.00425722	0.006418	0.03328	0.05272
rs12867952	13	21462622	-0.011	0.002	0.00893455	0.00550928	-0.003913	0.04563
rs12900061	15	66009635	0.021	0.003	-0.0151652	0.00716486	-0.0133	0.06075
rs12924434	16	51184958	-0.013	0.003	0.0199085	0.00688138	0.121	0.05695
rs12934528	16	72256903	-0.014	0.003	0.0107994	0.00767477	0.0378	0.06435
rs12962421	18	44787498	0.014	0.002	-0.00100723	0.00557002	0.03735	0.04622
rs12969294	18	35186122	0.018	0.003	-0.0172036	0.00580263	-0.05037	0.04834
rs12981405	19	19651577	-0.015	0.003	0.0216792	0.00736266	0.01604	0.06133
rs12987662	2	100821548	0.022	0.003	-0.00490573	0.0056384	0.01088	0.04658
rs12991836	2	145141541	0.012	0.003	-0.0165815	0.00574172	0.04568	0.04784
rs13008867	2	23270869	0.018	0.004	0.0151428	0.0086284	-0.09842	0.0729
rs13010288	2	51824512	0.02	0.004	-0.0185148	0.00808052	-0.1644	0.06703
rs13145650	4	122963344	-0.021	0.005	-0.0131903	0.0101464	-0.03583	0.08125
rs13224222	7	44812338	-0.013	0.002	0.0198502	0.00552674	0.07151	0.04593
rs1326592	6	51676577	-0.014	0.003	0.00812599	0.00661284	0.0223	0.05523
rs13282477	8	9665465	-0.018	0.004	0.0106279	0.00943071	-0.02749	0.07121
rs1329125	1	234740880	-0.013	0.003	0.0116407	0.00593263	-0.05525	0.04892
rs13299304	9	27941345	-0.011	0.003	0.00982101	0.0058277	0.02205	0.04815
rs1341868	1	224682826	-0.012	0.003	0.000987245	0.00552751	0.005684	0.04602
rs13421974	2	155507711	-0.014	0.002	0.00767145	0.00550778	-0.01432	0.04591
rs1378214	15	47579004	0.016	0.003	-0.0121954	0.00575538	0.02949	0.04692
rs1382358	19	13171424	-0.021	0.004	0.00240227	0.00798101	0.1195	0.06764
rs1389473	12	92154464	-0.013	0.003	-0.00486278	0.00571105	-0.03697	0.0473
rs139445863	19	4431185	0.054	0.012	-0.0195874	0.0218042	0.1393	0.177
rs1396967	10	64840665	0.015	0.003	-0.0143594	0.00562356	-0.02571	0.04738
rs1405452	12	75417687	-0.013	0.003	0.013933637	0.005825946	0.05465	0.04778
rs141832413	7	2204448	-0.017	0.003	-0.0136828	0.00664496	0.003388	0.05608
rs141979783	20	47788775	0.037	0.006	-0.0231247	0.0138196	-0.136	0.1128
rs142308202	15	41939523	0.05	0.01	-0.0661082	0.0245182	0.05509	0.2069
rs1424580	7	133154426	0.018	0.003	-0.0101872	0.00694761	-0.06899	0.0573
rs143908455	8	87782374	-0.04	0.01	0.0166644	0.0212324	0.1201	0.1758
rs144573014	11	25020819	0.01	0.003	0.00434918	0.00551458	0.04605	0.04561
rs1452074	3	62471009	0.012	0.003	0.0108437	0.00557002	-0.007568	0.04701
rs1459442	13	91704798	-0.012	0.003	-0.00654642	0.00648192	0.01201	0.05367
rs148088313	3	118675196	0.014	0.003	0.00445871	0.00629927	-0.09134	0.05337
rs150072449	7	63576514	-0.024	0.006	-0.00191409	0.0104734	0.2205	0.08561
rs1516725	3	185824004	0.016	0.004	0.00618207	0.00805519	0.1696	0.06644
rs153384	5	60993656	-0.014	0.003	0.00674801	0.00739799	-0.09397	0.06272
rs1536131	1	32314400	0.011	0.003	-0.00985072	0.00567786	-0.01053	0.04699
rs1547668	6	33775446	0.013	0.003	-0.00970154	0.00689458	0.06716	0.05678
rs1579116	11	24425299	-0.018	0.004	-0.00857354	0.00821196	-0.01624	0.06935
rs1599379	3	160860665	0.011	0.002	-0.0131935	0.00551165	0.02023	0.04576
rs1603981	3	25184956	0.015	0.003	0.00584007	0.00727738	0.02453	0.06086
rs1671770	12	120946568	-0.014	0.003	-0.00364061	0.00741593	-0.03533	0.06088
rs16845580	2	161920884	-0.016	0.003	0.005339	0.00566251	0.113	0.04714
rs16846463	2	142316255	-0.022	0.004	-0.00859759	0.0091755	-0.04488	0.07568
rs16915963	10	63039856	0.016	0.003	0.0064839	0.00665585	-0.06763	0.05493
rs16953305	16	54312849	-0.013	0.003	-0.000394142	0.00579245	-0.00475	0.04774
rs17110109	12	54668908	0.012	0.003	-0.00424501	0.00572918	0.06838	0.04682
rs17115183	14	30137407	-0.011	0.003	0.0121178	0.00560744	0.02621	0.04667
rs17139391	11	79794951	-0.026	0.006	0.0202863	0.0135544	0.04459	0.1099
rs17275231	2	213807630	-0.012	0.003	0.00138335	0.00716274	0.06066	0.054
rs17414302	1	20976535	0.022	0.004	-0.0089164	0.00952659	0.179	0.07724
rs17425572	9	88006338	-0.014	0.002	0.0063373	0.00551591	0.03351	0.04586
rs17488728	7	117544180	-0.011	0.002	0.00484273	0.00604869	0.06653	0.04587
rs17551064	7	49873463	-0.014	0.003	0.0180095	0.00745237	-0.03696	0.06159
rs17552299	6	124343842	0.035	0.008	0.00920929	0.0155003	-0.03511	0.1317
rs17565975	11	111586950	-0.013	0.002	-9.32E-05	0.00553769	-0.0456	0.04628
rs17638867	17	34052513	0.016	0.003	-0.00377671	0.00787499	0.01219	0.06018
rs17809906	3	20755232	0.019	0.004	-0.00290523	0.00835195	-0.0307	0.07041
rs17824247	2	144152539	0.018	0.003	0.00737984	0.00559464	0.007571	0.04651
rs183686	5	176494102	-0.01	0.002	-0.00881061	0.00550663	-0.005407	0.04667
rs1837679	11	76501557	0.015	0.003	0.000708335	0.00663416	0.00983	0.05541
rs1881975	3	184046042	-0.012	0.003	0.00118648	0.00649212	-0.003447	0.05336
rs1890846	1	210910268	0.013	0.002	-0.00572247	0.00555815	-0.1099	0.04596
rs191692	2	60461578	-0.011	0.003	0.0198916	0.00564884	0.04916	0.04704
rs1925576	10	68689083	0.012	0.002	-0.0134565	0.00552127	0.01655	0.04659
rs1938060	6	66545656	-0.014	0.003	-0.00615138	0.0067117	-0.04282	0.0562
rs197603	1	57679608	0.011	0.003	0.000917215	0.00561326	-0.02779	0.04654
rs2031496	1	78527912	-0.012	0.003	0.0153181	0.00558221	0.05007	0.04612
rs2065087	9	3149943	0.011	0.002	-0.001768	0.00550887	-0.05802	0.04568
rs2067564	2	232728437	0.011	0.002	-0.000522193	0.00550746	-0.03079	0.04571
rs2096190	1	117839665	-0.016	0.003	0.0036143	0.00775881	0.06391	0.06302
rs2126205	3	137083475	0.01	0.002	0.00536525	0.00551334	0.04643	0.04579
rs2160316	2	202885167	-0.013	0.003	-0.00294747	0.00563086	-0.02541	0.04694
rs2203874	9	111966736	0.013	0.003	-0.00660846	0.00591078	-0.01205	0.04916
rs2237930	11	17897324	0.01	0.002	-0.00753858	0.00551276	0.05046	0.04599
rs2283	5	106773623	0.014	0.003	0.00522117	0.00588173	0.04521	0.04823
rs2343637	2	199552561	-0.013	0.003	0.000666682	0.00553649	0.0205	0.04726
rs2380655	2	15641120	-0.011	0.003	0.00306671	0.00577494	-0.0468	0.04857
rs2406253	7	100077273	-0.017	0.003	0.0012121	0.00697486	0.1926	0.05736
rs2426804	20	58237594	-0.014	0.003	0.0117948	0.00756636	-0.007142	0.06328
rs2431108	5	103947968	-0.012	0.003	0.0157053	0.00591078	0.0375	0.04854
rs2456973	12	56416928	0.018	0.003	-0.00304627	0.00590646	-0.02331	0.04803
rs249105	2	34538252	-0.015	0.003	0.00613687	0.00760601	-0.07012	0.06381
rs253415	5	74957121	-0.013	0.003	0.0101321	0.00658152	0.08064	0.05424
rs2697805	2	233375771	0.012	0.003	0.00500964	0.00625229	-0.05376	0.05145
rs2769271	1	151355546	-0.014	0.004	0.00484349	0.00771632	0.09075	0.06315
rs2780977	9	86241489	0.013	0.003	-0.0191423	0.00639142	-0.0001678	0.05259
rs2807837	1	220974202	0.017	0.004	0.00612656	0.0084716	0.008896	0.0724
rs2831610	21	29551339	-0.013	0.003	0.00790051	0.00721214	0.1031	0.05965
rs2837992	21	42620520	-0.013	0.003	0.00712227	0.00622276	0.01519	0.04732
rs28381527	6	88369032	-0.022	0.004	0.00906104	0.00978216	0.01764	0.08431
rs28420834	15	82545436	0.015	0.003	0.00660909	0.0056882	-0.01343	0.04712
rs28491529	18	75889301	-0.015	0.003	0.00603331	0.00606065	0.00368	0.0499
rs28507478	4	18682378	0.029	0.007	-0.00349341	0.0151033	0.2634	0.1295
rs28513882	3	107296628	-0.016	0.003	0.00893155	0.00724444	-0.01144	0.05889
rs28522146	3	36906822	0.01	0.003	-0.0137064	0.00560967	-0.03147	0.04679
rs28584904	17	68995218	-0.012	0.003	-0.0115277	0.00670034	-0.1103	0.0559
rs28792186	6	98525726	0.025	0.003	-0.00591902	0.00564357	-0.1037	0.04681
rs2926250	8	110339028	0.013	0.003	-0.00390457	0.0055666	-0.03223	0.04616
rs293570	20	31105023	-0.012	0.003	0.0275815	0.00584071	0.02699	0.04946
rs2964252	5	152067929	0.012	0.003	0.00566356	0.00592079	0.0198	0.04924
rs2966157	16	15155898	0.013	0.003	-0.00217545	0.00641504	0.01285	0.05251
rs2990547	1	237742717	-0.01	0.002	0.00580416	0.00555938	-0.07089	0.04606
rs301800	1	8490603	-0.017	0.003	0.0106084	0.007338	0.078	0.06033
rs3026996	1	159167290	-0.014	0.003	0.0113052	0.00644172	-0.02412	0.0532
rs3095075	4	3253183	0.014	0.002	-0.00820849	0.00553416	-0.03309	0.04629
rs31829	5	11440630	0.021	0.005	-0.00549296	0.0103438	0.023	0.08373
rs320700	7	137049477	0.016	0.003	0.00182225	0.00577112	-0.0814	0.04752
rs327581	5	7914554	0.018	0.004	0.00659731	0.00947319	-0.04746	0.08069
rs329120	5	133861756	0.013	0.002	-0.0141484	0.0055666	-0.06332	0.04635
rs34147411	16	68081246	0.016	0.004	-0.00618413	0.00789213	-0.002711	0.06541
rs34305371	1	72733610	0.036	0.004	-0.0155935	0.00948993	-0.02502	0.07548
rs34344888	14	23387585	0.016	0.003	-0.00349385	0.00562356	-0.01024	0.04677
rs34347869	11	107333777	0.013	0.003	-0.0101245	0.00673472	-0.06111	0.05596
rs34708625	12	121180019	-0.013	0.003	0.00277448	0.00633185	-0.06763	0.05242
rs34720381	1	171455322	-0.021	0.004	-0.00581056	0.00935242	0.1506	0.07913
rs34892180	3	5001148	-0.016	0.004	-0.0076718	0.00823925	-0.01741	0.06686
rs35106872	10	21783752	-0.012	0.003	-0.00372106	0.00574172	0.03009	0.04781
rs35311202	16	82829354	-0.012	0.003	0.00395997	0.00583232	0.04788	0.04858
rs35532491	22	34329603	0.021	0.004	-0.0279565	0.00905599	-0.04719	0.07543
rs35771425	1	211609768	-0.019	0.003	0.00890685	0.00671379	0.0294	0.05505
rs35810066	1	44827837	0.01	0.003	0.005331316	0.005725651	-0.04569	0.04759
rs35922256	20	51262076	0.013	0.003	-0.00532204	0.00648258	0.03408	0.05362
rs36159980	6	119159627	-0.015	0.003	0.00333525	0.00654096	-0.0427	0.05406
rs3752252	20	59829847	0.012	0.003	0.00571582	0.00574172	0.06397	0.04771
rs37538	5	57610069	0.01	0.003	-0.0118504	0.00559881	0.03485	0.04678
rs3757323	6	152202007	0.013	0.003	-0.00175413	0.00572437	0.01893	0.04736
rs3769309	2	173679782	-0.012	0.002	0.0111849	0.00555096	0.0727	0.04597
rs3796594	4	81110443	0.021	0.005	-0.00980632	0.0102405	-0.02441	0.089
rs3890065	11	12778769	-0.015	0.003	0.00554093	0.00562596	-0.02762	0.0465
rs413348	7	101705521	0.013	0.003	0.00371179	0.00653103	-0.04473	0.05546
rs415169	13	80778349	-0.014	0.003	-0.0069118	0.00697486	-0.05747	0.05962
rs4240470	9	124621729	0.016	0.003	-0.0163742	0.0061108	0.05857	0.05004
rs4240927	1	221967817	0.012	0.002	0.00459589	0.00554083	-0.06054	0.04571
rs4244613	8	145741765	-0.014	0.003	-0.00702331	0.00555242	0.01537	0.04655
rs4257013	12	58413082	0.013	0.003	-0.00707904	0.00596163	-0.06239	0.05003
rs4274686	22	27494303	-0.021	0.005	0.0128422	0.0104508	-0.05877	0.0862
rs4343763	4	186801590	0.013	0.003	0.00230061	0.00590094	0.03405	0.04974
rs4382592	9	134870755	0.013	0.003	-0.0133177	0.00596781	-0.1064	0.04989
rs4384309	10	133110596	0.011	0.003	-0.00972817	0.00553416	-0.0247	0.04606
rs4468571	15	78020132	0.014	0.003	-7.56E-05	0.00563431	0.02854	0.04597
rs4478846	1	98396847	0.018	0.003	-0.0140116	0.00725492	-0.03611	0.06134
rs4493682	5	45188024	0.019	0.003	-0.0177538	0.00735288	0.03184	0.05969
rs4561907	4	173995316	0.012	0.003	0.00115002	0.00652118	-0.01679	0.05379
rs4598778	13	38125187	0.012	0.002	0.00197262	0.00553531	-0.1091	0.04632
rs4650228	1	74239827	0.013	0.002	-0.00680578	0.00553846	-0.03899	0.04584
rs4726070	7	151343638	0.013	0.003	-0.0100145	0.00558086	-0.05364	0.04673
rs4741351	9	14222782	0.017	0.003	-0.016139805	0.005782685	0.02052	0.05088
rs4762227	12	99638652	0.011	0.003	-0.0113491	0.00582965	-0.03069	0.04752
rs4785187	16	49766772	-0.014	0.003	0.00363758	0.00656513	-0.05503	0.05504
rs4798707	18	8885393	-0.011	0.003	-0.00244235	0.00553084	0.01313	0.04601
rs4800490	18	21126081	0.015	0.002	-0.0148133	0.00550531	0.00217	0.04563
rs4807177	19	1955725	-0.012	0.003	-0.0021221	0.00586313	0.02311	0.05013
rs4847256	1	94207592	0.011	0.003	-0.00633768	0.00562378	-0.04023	0.04656
rs4855530	3	68910803	-0.013	0.003	0.000831251	0.00685605	0.009388	0.05814
rs4860729	4	67062794	-0.013	0.003	0.0344456	0.00623712	0.006658	0.05311
rs4863692	4	140764124	0.018	0.003	0.00173942	0.00591078	-0.02749	0.04865
rs4878179	9	38075712	0.011	0.002	-0.00556531	0.00553769	-0.009397	0.04613
rs4904523	14	89723630	-0.01	0.002	-0.00583678	0.00551524	0.02057	0.04563
rs496590	9	14493760	-0.011	0.003	-0.00638713	0.00562356	-0.008708	0.04676
rs4974424	3	127148720	0.019	0.003	-0.0124421	0.00758608	0.0002471	0.06241
rs523934	11	95641775	0.015	0.003	-0.011483	0.00564357	0.04025	0.04667
rs538628	17	44788310	-0.018	0.003	-0.00925581	0.00669727	0.008724	0.05553
rs538751	6	93848400	0.012	0.003	-0.00536743	0.00636548	-0.04281	0.05292
rs541326	9	73706951	0.015	0.004	0.0143682	0.00790942	0.03877	0.06466
rs56093134	7	1973970	0.013	0.003	-0.0198746	0.00708902	-0.08358	0.05891
rs56095559	2	194250506	0.012	0.003	-0.00386766	0.00647313	-0.01434	0.05373
rs56236451	2	237056840	-0.018	0.003	0.0160927	0.00734526	0.07263	0.06143
rs56355243	17	79375687	0.014	0.003	-0.000429323	0.0057525	0.1298	0.04803
rs5753691	22	31952045	0.012	0.003	-0.00130243	0.00673472	0.04707	0.05602
rs57877670	7	32290694	-0.014	0.003	0.03294476	0.006655847	-0.01741	0.05473
rs58259767	13	53596883	-0.024	0.006	0.0137682	0.0128389	-0.1118	0.1092
rs58515728	16	1756051	0.02	0.004	-0.00448572	0.00949905	-0.001981	0.0799
rs58694847	14	84916511	-0.018	0.003	0.00833062	0.00631543	0.05598	0.05205
rs5995757	22	40002570	0.013	0.002	0.001336728	0.005560057	-0.002864	0.04622
rs60178806	4	66486425	0.011	0.003	0.000546137	0.00585857	0.0118	0.04883
rs6034019	20	14702915	0.012	0.003	-0.0116626	0.00592079	0.05176	0.04975
rs6093681	20	41218344	-0.012	0.003	0.00826648	0.00591975	0.1033	0.04861
rs61160187	5	60111579	0.018	0.003	0.00960997	0.00622922	0.002501	0.04676
rs61527214	16	83608599	0.011	0.003	-0.00123148	0.00563265	-0.02113	0.04661
rs61785983	1	28851045	0.029	0.006	-0.0128118	0.0136652	-0.1293	0.1106
rs61917622	12	48155763	-0.015	0.004	0.0108018	0.00779553	-0.1563	0.06324
rs62100767	18	50738039	-0.014	0.003	0.0204107	0.00559671	0.02871	0.04662
rs62103084	18	25637562	0.02	0.004	-0.00498146	0.00917161	-0.08619	0.0741
rs621893	11	110016327	0.014	0.003	-0.012215458	0.006291281	-0.04993	0.05578
rs62244886	3	71587392	0.013	0.003	-0.0131694	0.00565152	-0.06552	0.04673
rs62263923	3	85674790	0.016	0.003	0.00946083	0.00576837	-0.01812	0.04806
rs6459480	6	16663463	-0.013	0.002	0.00368344	0.00553416	0.01297	0.04583
rs648163	1	199315998	0.015	0.003	-0.00331449	0.00635524	-0.02498	0.05128
rs650705	13	69380786	0.018	0.004	0.010589	0.00996127	0.04127	0.08384
rs650740	1	70599620	0.011	0.003	0.000193436	0.00583232	0.01331	0.04849
rs6556982	5	92201080	0.011	0.003	0.00154145	0.00559881	0.05719	0.04652
rs668924	13	38876748	-0.011	0.003	0.00182577	0.0056889	-0.008643	0.04783
rs6703019	1	179469747	0.013	0.003	0.00226482	0.00635524	-0.001071	0.05305
rs6739051	2	229071479	0.017	0.004	0.000292109	0.00872841	-0.07315	0.0676
rs6839705	4	106144735	-0.017	0.003	-0.00577026	0.00579056	0.04119	0.04833
rs6844280	4	31387144	0.012	0.003	0.000427523	0.00557533	0.03183	0.04665
rs6882046	5	87968864	0.021	0.003	0.0121965	0.0063236	0.07415	0.05222
rs6903953	6	37522668	0.012	0.002	-0.00585644	0.00550928	0.006004	0.04604
rs6924023	6	170076041	-0.012	0.003	-0.00212462	0.00634853	-0.06356	0.05375
rs6956484	7	27564862	-0.012	0.003	0.00221938	0.00567395	0.07119	0.047
rs6963987	7	104514314	0.013	0.003	-0.0116097	0.00679406	-0.07245	0.05774
rs6966898	7	135221170	-0.012	0.003	0.0181148	0.00584957	0.04797	0.0488
rs6986109	8	81286298	0.014	0.003	-0.00580465	0.00604192	0.05373	0.05019
rs6991992	8	67604630	-0.035	0.008	0.00893805	0.0175628	-0.04099	0.161
rs7029201	9	23358081	0.025	0.003	0.0011995	0.00558662	0.01249	0.04632
rs7033137	9	72056397	-0.016	0.003	0.00550901	0.00634015	0.02415	0.05219
rs71411521	2	51202876	0.016	0.003	-0.00300911	0.00779553	0.008507	0.06396
rs7146434	14	64726503	0.014	0.002	-0.000296418	0.00553303	0.02667	0.04583
rs71537331	1	243420388	-0.017	0.003	0.0112363	0.0058894	0.02816	0.04803
rs7159392	14	61013237	-0.011	0.003	-0.00922248	0.00566533	0.02652	0.04717
rs7171414	15	92695082	-0.013	0.003	-0.000446454	0.00614412	0.07462	0.05151
rs7186160	16	65737243	0.012	0.003	-0.000974865	0.00557293	0.03439	0.04612
rs7199562	16	567395	-0.017	0.004	0.0240228	0.00997493	0.05411	0.07737
rs7236339	18	77579773	-0.013	0.003	0.00548552	0.00658473	0.005191	0.05451
rs72737809	14	72503080	-0.018	0.004	-0.00187373	0.00965019	-0.006101	0.07865
rs72786644	5	93095186	0.015	0.003	-0.00409822	0.00713409	-0.07523	0.05735
rs72944047	18	63510454	0.011	0.003	0.00380757	0.00619302	0.001368	0.05222
rs73010903	3	153270426	0.017	0.004	-0.0166504	0.00856402	0.03603	0.0702
rs7329692	13	87057047	-0.021	0.004	0.000484905	0.0100891	-0.06607	0.08222
rs736282	14	94287860	-0.013	0.002	0.0136783	0.00551113	-0.06087	0.04575
rs73897118	20	8549197	-0.029	0.007	0.0115911	0.0144889	-0.02516	0.1332
rs748439	3	16857534	-0.013	0.003	0.0301172	0.00622597	0.02369	0.04729
rs75472858	16	73815413	-0.031	0.007	-0.0162819	0.0159657	-0.2329	0.127
rs75526569	15	66894208	0.016	0.004	-0.00411441	0.00838105	-0.0201	0.06988
rs7558283	2	215289285	0.012	0.002	-0.0104765	0.00551395	-0.04108	0.04577
rs75731108	3	103305762	-0.014	0.003	0.00864419	0.00668907	0.05587	0.05906
rs7575558	2	124961031	0.011	0.003	0.00584213	0.0061108	-0.01316	0.05086
rs7579445	2	101069396	0.012	0.003	-0.000194229	0.00565422	0.01247	0.04688
rs75901808	7	113924934	-0.022	0.005	0.0205935	0.010158	-0.08029	0.08361
rs7599488	2	60718347	-0.017	0.002	0.0264143	0.00554403	0.0166	0.04605
rs7601713	2	157552860	-0.012	0.003	0.00587416	0.00623712	-0.03288	0.05179
rs7603132	2	4951548	0.014	0.003	-0.00992823	0.00693418	-0.02993	0.0575
rs76076331	2	10977585	0.018	0.004	-0.00628312	0.00800544	-0.007007	0.0698
rs766406	6	26319588	0.014	0.003	-0.0216153	0.00569613	0.04929	0.04725
rs7665151	4	97085993	0.015	0.003	0.00347806	0.00762615	-0.01732	0.06209
rs766847	5	66350706	-0.011	0.003	0.00894444	0.00565696	0.02643	0.04679
rs76878669	11	66092567	-0.014	0.003	0.0203351	0.00648258	0.08292	0.05428
rs77147536	11	41591930	-0.017	0.004	-0.00359647	0.00913504	-0.04686	0.07544
rs7774377	6	109602443	0.012	0.002	-0.00982601	0.00551884	-0.03206	0.04574
rs7776010	6	14723743	0.021	0.003	0.00756342	0.00724444	-0.008635	0.05886
rs7783791	7	72251655	-0.015	0.003	0.00355084	0.00721811	-0.08397	0.05449
rs7786263	7	8008970	-0.02	0.004	0.01045944	0.008294876	-0.07113	0.06953
rs77893928	12	2333743	-0.025	0.006	0.0032991	0.0129801	-0.0843	0.1026
rs7793241	7	21409302	-0.011	0.002	0.00481885	0.00555693	-0.0009552	0.04612
rs7835668	8	48237849	-0.015	0.003	-0.0132681	0.00666749	-0.02247	0.05531
rs7864396	9	96251318	0.012	0.003	-0.012334	0.00570138	0.04463	0.0477
rs78733770	8	143621892	-0.016	0.004	0.010111344	0.008834323	-0.02971	0.06663
rs78827556	22	30080517	0.017	0.004	0.000489386	0.00798101	0.09144	0.06665
rs79001701	2	105928760	-0.019	0.004	0.0316932	0.00838105	-0.0311	0.06837
rs7910869	10	67966060	0.015	0.003	0.0098763	0.00668907	-0.08223	0.0565
rs79123036	2	186283383	0.02	0.004	-0.00932853	0.00963189	0.07009	0.07788
rs79210963	7	24717969	0.017	0.004	-0.0189642	0.00838105	-0.03063	0.07133
rs7948975	11	90424707	-0.014	0.003	0.00342029	0.00567688	0.09665	0.04658
rs7964899	12	14595756	0.017	0.002	0.000332116	0.00555848	-0.02781	0.04601
rs79745680	13	77975166	0.029	0.007	0.0220298	0.0156165	0.1801	0.1459
rs7977614	12	110115286	0.014	0.003	-0.0223261	0.00605401	0.008843	0.05007
rs79794840	2	80463854	0.021	0.004	-0.00586405	0.00953787	-0.01551	0.07713
rs7987286	13	64617871	0.013	0.003	0.00523323	0.00562356	-0.0177	0.04814
rs7987438	13	101326992	-0.012	0.003	-0.000908687	0.00597872	-0.001477	0.05026
rs8010517	14	77237074	0.014	0.003	-0.00456353	0.00685645	0.03765	0.05576
rs8036389	15	97492430	-0.012	0.003	0.0108626	0.00570138	0.04107	0.04764
rs8049439	16	28844365	-0.015	0.003	0.0152673	0.00562378	-0.02968	0.04653
rs8067489	17	7403216	0.013	0.003	0.00431045	0.00683252	0.006374	0.05568
rs8114052	20	3113818	-0.011	0.003	0.0142078	0.00570138	-0.03288	0.04616
rs876064	11	64037033	0.014	0.003	-0.00208921	0.00734526	0.001962	0.05962
rs884534	3	195964298	-0.012	0.003	0.00624573	0.0062677	-0.0586	0.0525
rs942862	14	104027557	0.012	0.003	0.00984965	0.00573469	-0.07949	0.0481
rs943782	13	27575037	-0.01	0.002	0.00522875	0.00550547	-0.05806	0.04569
rs9457812	6	160444011	0.015	0.004	0.00809011	0.007933	-0.004445	0.0661
rs949486	9	120916708	0.01	0.003	-0.0008084	0.00560525	-0.03593	0.04666
rs9503598	6	3446263	0.012	0.002	-0.0166383	0.00555848	0.002711	0.04634
rs9527702	13	58384392	-0.023	0.003	0.00152156	0.00673098	-0.08534	0.05091
rs9556958	13	99100046	-0.015	0.002	0.0178391	0.00558565	0.07915	0.04592
rs9616906	22	51104680	0.015	0.003	0.0175079	0.00553649	-0.0412	0.04595
rs969512	4	147872742	0.011	0.003	0.0103281	0.0058192	-0.04863	0.04853
rs9704541	11	37677826	0.01	0.002	-0.0096931	0.00550531	0.05784	0.04588
rs9714073	3	93681489	-0.013	0.003	0.00608466	0.00626585	0.01051	0.05235
rs9739070	12	123771032	-0.024	0.003	-0.0023507	0.00678588	-0.01544	0.05678
rs9792504	9	1765756	0.018	0.003	-0.00698729	0.00580263	-0.01101	0.04853
rs9820604	3	72363674	-0.014	0.003	0.0114687	0.00743406	-0.07179	0.0605
rs9914544	17	18787828	0.013	0.003	0.0128795	0.00571434	-0.01831	0.04728
rs9938678	16	61503635	0.013	0.003	-0.0177904	0.00653547	0.05687	0.05416
rs10204824	2	148372720	0.002	0.003	-0.030630813	0.00571765	-0.009465	0.04864
rs10212869	4	3376302	-0.005	0.003	0.024735449	0.005896081	0.1518	0.04942
rs10479615	5	177470464	-0.003	0.005	0.040326933	0.009017376	-0.0416	0.07416
rs1075143	2	186178601	-0.013	0.004	0.041505554	0.008972208	0.04124	0.07439
rs10751862	10	2321173	-0.005	0.002	0.022976187	0.005508119	-0.03115	0.04572
rs10757351	9	22626571	-0.005	0.003	0.028320417	0.006348529	0.08338	0.05335
rs10785134	12	74974309	-0.002	0.003	-0.030082983	0.006518251	0.032	0.05382
rs10796918	1	35624192	-0.003	0.005	-0.042530981	0.008830014	0.003702	0.07977
rs10810440	9	15754631	-0.003	0.002	0.024063187	0.005506003	0.009478	0.04572
rs10914709	1	33891306	0.004	0.003	0.029478532	0.006575183	-0.06502	0.05486
rs10925404	1	237561214	-0.002	0.003	-0.028785444	0.006469047	0.009431	0.05367
rs1106649	13	111168488	0.001	0.005	0.054157653	0.010809932	-0.08467	0.09078
rs11139219	9	84023759	0.002	0.003	-0.02953376	0.006961174	0.0799	0.05938
rs11186903	10	94055996	0	0.002	0.026404353	0.005529783	0.02006	0.0458
rs11203254	1	18326623	0.002	0.003	-0.031656576	0.007461527	-0.005902	0.06292
rs114107115	2	11999032	-0.01	0.008	0.076816633	0.017395542	0.08805	0.1387
rs1152693	10	126797001	-0.002	0.003	-0.032760402	0.007575799	-0.01232	0.05757
rs115925588	3	170411846	-0.01	0.009	0.085074449	0.020818091	-0.01546	0.1689
rs11635244	15	69750821	-0.003	0.003	-0.048422157	0.011108805	-0.02231	0.0541
rs11644227	16	12095738	0.007	0.002	-0.023770536	0.005526537	-0.007817	0.04577
rs11647656	16	64960717	0	0.003	0.026967509	0.005884793	0.05359	0.04864
rs11657021	17	43378701	0.005	0.004	-0.039182644	0.009313375	0.1402	0.08362
rs11659423	18	4057334	0.004	0.003	-0.022430471	0.005505343	-0.005298	0.04592
rs11678896	2	242268736	0	0.003	0.030500386	0.007149401	-0.1126	0.05859
rs11725618	4	67053769	-0.014	0.003	0.036064018	0.006157821	-0.01814	0.05301
rs117935771	8	119717511	0	0.015	0.122481468	0.029793878	0.1916	0.2564
rs11852372	15	78801394	-0.003	0.003	0.182472158	0.005910853	0.07782	0.04862
rs11853993	15	36846344	0.002	0.002	0.023693733	0.005553897	-0.02405	0.04641
rs11857340	15	40572192	0.001	0.003	-0.024828809	0.00586853	-0.0477	0.04852
rs11861635	16	82543378	0.005	0.007	-0.074617189	0.016092357	0.1087	0.1372
rs11863639	16	54655334	0.004	0.003	-0.030414963	0.007355111	0.03681	0.06151
rs11868510	17	26337462	0.001	0.004	0.043393255	0.010116105	-0.1507	0.08333
rs11872159	18	51275090	-0.008	0.003	0.036704068	0.007212143	0.03736	0.05973
rs11878397	19	31176391	-0.002	0.003	-0.028081047	0.006655847	0.01443	0.0545
rs12068631	1	151005763	0.003	0.005	0.053790224	0.010332816	-0.07665	0.08403
rs12128789	1	212852832	0.004	0.004	0.035390349	0.008162175	0.0007722	0.06644
rs12271392	11	133080113	0.004	0.004	0.036946644	0.00800544	0.02534	0.07017
rs12443627	16	30996872	0	0.003	-0.02679954	0.005675118	0.0005907	0.04739
rs12538820	7	99340049	0.006	0.004	-0.040819565	0.008762711	0.0371	0.07226
rs12664932	6	34012666	-0.005	0.003	0.036363253	0.007824126	0.03757	0.05951
rs1276427	20	55486785	-0.005	0.003	-0.025682742	0.005714335	0.01946	0.04781
rs12880923	14	48038580	-0.002	0.003	0.025006353	0.005782685	0.07148	0.04761
rs12896788	14	100203887	0.003	0.004	0.032900451	0.007933003	-0.08807	0.06459
rs12924872	16	69552215	0.001	0.002	-0.025451673	0.005540834	-0.04269	0.0461
rs12933462	16	5344027	-0.007	0.005	0.050890438	0.010849878	0.008584	0.08875
rs13102643	4	143463074	0.003	0.005	0.045565764	0.01050896	0.02523	0.08665
rs13169044	5	31804751	-0.005	0.003	0.033934224	0.00762615	-0.06954	0.06348
rs1320330	2	622225	-0.005	0.003	0.03129971	0.007397991	0.01539	0.06041
rs13271657	8	91474599	-0.003	0.003	-0.023701956	0.005782685	-0.03762	0.04812
rs13283901	9	78910108	-0.003	0.003	-0.023154889	0.00555096	-0.01912	0.04612
rs13299759	9	28325171	0.004	0.003	0.027289675	0.006677903	-0.01193	0.05564
rs1348793	2	135675908	0.003	0.003	-0.030344322	0.006854084	0.08567	0.05722
rs138795348	12	10269119	-0.09	0.013	0.166863776	0.038382315	0.09292	0.0767
rs139051890	4	24610328	0.006	0.013	-0.1213146	0.027263429	-0.4802	0.2184
rs140066800	2	134724506	0.006	0.011	-0.105062854	0.022872201	0.09353	0.1909
rs141147481	15	78835239	0.008	0.01	-0.111224408	0.021565488	-0.1009	0.1707
rs145104523	21	40644110	-0.003	0.004	0.039646587	0.008266885	-0.05188	0.06614
rs145406940	12	23093493	-0.008	0.006	-0.22105232	0.050981916	0.05984	0.368
rs1458269	13	54434565	0.002	0.003	-0.028753222	0.005727779	0.06314	0.04748
rs1495357	3	55704079	-0.002	0.003	-0.025140822	0.005845122	-0.1061	0.0487
rs1566990	2	156341633	0.011	0.004	0.039287911	0.009672015	0.08237	0.07745
rs1610180	3	10917457	-0.002	0.003	0.026881767	0.006103191	0.008337	0.04638
rs1676980	8	4580563	0	0.003	0.035303327	0.008275228	-0.05485	0.06102
rs16848784	3	138844603	0.004	0.011	-0.079713575	0.019333382	-0.04724	0.1679
rs17070467	4	181941847	-0.001	0.004	-0.037720448	0.009095208	-0.01256	0.0777
rs17885933	9	37434371	0.004	0.004	-0.032328226	0.007817787	-0.03202	0.06362
rs180515	17	58024275	-0.002	0.003	0.02486015	0.005748876	-0.04502	0.04747
rs1812957	13	38092059	-0.004	0.003	0.028628113	0.006843428	0.06003	0.05714
rs182317	15	89943601	-0.002	0.003	-0.031176376	0.005829652	-0.0418	0.04752
rs1916403	10	65677927	0.002	0.002	0.025147486	0.005513951	-0.03293	0.04612
rs193075037	12	33263736	-0.09	0.011	0.082299092	0.040460988	0.2463	0.0825
rs1999066	9	120514464	0.001	0.003	-0.030785905	0.006350647	-0.1059	0.04838
rs2032463	4	2941988	0.011	0.002	-0.029182734	0.005564929	0.03962	0.04651
rs2054730	11	15738859	-0.003	0.002	-0.025066166	0.005577149	-0.05309	0.04593
rs2056699	12	90697667	-0.001	0.003	-0.024481323	0.00580263	-0.0011	0.04873
rs2060220	5	166574542	0.004	0.004	0.037060762	0.008030166	0.1495	0.06739
rs2072659	1	154548521	0.005	0.005	-0.06525177	0.009246505	-0.05737	0.07819
rs2084533	3	16872929	-0.009	0.003	0.033640552	0.005900943	0.07008	0.04959
rs2133204	1	77974484	0.008	0.003	-0.027462101	0.005617393	-0.06535	0.04651
rs2154409	14	72259455	0.006	0.003	-0.026594477	0.005961629	0.003866	0.04871
rs215600	7	32333642	0.012	0.003	-0.049250294	0.005752503	0.06315	0.04774
rs2159045	7	2207401	-0.002	0.003	0.027019245	0.00564619	0.03012	0.04654
rs2174163	11	16427972	-0.004	0.003	0.02341569	0.005662509	0.01634	0.04693
rs2203122	3	62565811	-0.004	0.003	-0.024179559	0.005881729	0.01201	0.04932
rs2241445	7	6370077	0.014	0.008	-0.067735482	0.015663738	-0.02893	0.1384
rs2273500	20	61986949	0	0.004	0.068093833	0.007795528	0.08861	0.0651
rs2304608	5	87962298	0.017	0.003	0.0319662	0.00773024	0.09839	0.06275
rs2318491	4	167720747	0.003	0.003	-0.030412853	0.007397991	-0.01678	0.06284
rs2355880	1	18739526	-0.003	0.002	-0.023381096	0.005526349	0.08394	0.04586
rs2386571	16	52074123	0.007	0.002	-0.031868709	0.005564518	0.05562	0.046
rs2421267	4	14123179	0.003	0.003	-0.035502877	0.00727738	0.2341	0.06052
rs2424888	20	31047533	-0.008	0.003	0.033484792	0.005635861	0.0002927	0.04783
rs2424952	20	31685873	-0.006	0.005	-0.049587429	0.011346317	0.2067	0.09201
rs2491859	1	243098453	0.004	0.003	-0.022704003	0.005555769	-0.001635	0.04632
rs252679	5	106681669	0.002	0.003	-0.026436987	0.005941271	-0.06606	0.04991
rs2529287	7	74358919	-0.009	0.004	0.033104044	0.006382707	0.04487	0.05281
rs2608919	6	131873335	0.005	0.003	0.028110835	0.006571253	0.08031	0.05478
rs2728121	4	88997102	0	0.004	-0.035928073	0.008564018	0.07433	0.07262
rs2826720	21	22553266	0.002	0.002	-0.022770246	0.005538911	0.04064	0.04601
rs28739398	7	44887294	0.012	0.004	-0.034072423	0.007470873	-0.08377	0.06264
rs28813180	3	158087754	-0.003	0.002	-0.028393907	0.005505343	-0.1085	0.04563
rs28842260	8	96578510	-0.001	0.003	-0.025112559	0.005886475	-0.04521	0.04866
rs2885264	3	68034430	-0.003	0.004	0.032892432	0.007212143	-0.08326	0.0592
rs2924329	18	53135894	0.006	0.003	-0.024841217	0.006078755	0.04931	0.05079
rs2973904	11	31592495	0.001	0.003	-0.025014955	0.005896081	0.01693	0.04907
rs2983214	6	170557234	0.002	0.003	0.02358827	0.005720996	0.01775	0.04764
rs3025383	9	136502369	0	0.003	-0.057839414	0.00704521	-0.04622	0.05938
rs310333	16	71579667	-0.008	0.003	0.029323952	0.006101218	-0.0329	0.05132
rs3171	1	93617477	0.017	0.008	-0.070472757	0.017296858	0.04916	0.1491
rs34406232	19	41305530	-0.002	0.008	-0.146992005	0.01669717	0.2843	0.1406
rs34636412	17	13572169	-0.002	0.003	-0.028787456	0.00700261	-0.04364	0.05902
rs34973462	1	175993820	-0.006	0.003	0.030109502	0.005871184	0.01362	0.04821
rs35011804	14	104151400	0.003	0.003	0.031104457	0.005867721	0.09623	0.04874
rs35247189	12	6857898	0.001	0.003	-0.028340315	0.006571253	0.01023	0.05425
rs35859571	1	54319977	0.004	0.004	0.032637254	0.008010499	0.09679	0.06632
rs3739238	8	142222445	-0.006	0.003	0.023782292	0.005621176	0.01687	0.04643
rs3749278	3	32209230	-0.006	0.003	-0.027296141	0.005618822	-0.01813	0.04705
rs3755880	4	96108563	0.001	0.003	-0.026843582	0.006047938	-0.07361	0.05047
rs4129288	4	105409654	0.007	0.003	-0.023405497	0.005643567	0.03326	0.04693
rs4375600	15	61597124	0.007	0.004	-0.041538907	0.009818125	-0.1119	0.08373
rs4463860	11	133742911	-0.001	0.003	0.027992903	0.005995421	0.01022	0.05011
rs4478441	6	120579080	-0.006	0.003	0.028341834	0.005623557	-0.03504	0.04653
rs4485470	18	62125063	0.006	0.002	-0.02973172	0.005598807	0.02124	0.04649
rs4505859	4	44753322	-0.001	0.003	-0.026294752	0.005724372	-0.01053	0.04767
rs4660531	1	41839822	0.006	0.003	0.025820734	0.005862296	0.0308	0.04828
rs469	7	144429142	0.004	0.01	-0.076093377	0.01798541	-0.2686	0.1526
rs4699353	4	99509133	0.001	0.002	-0.027375831	0.005564929	-0.06108	0.04649
rs4785587	16	89772619	-0.001	0.003	-0.033622317	0.00553496	0.03166	0.04627
rs4856278	3	85648649	0.009	0.003	0.027065075	0.006361653	-0.01108	0.05387
rs4982026	14	33421439	0.003	0.003	0.027144447	0.006178774	0.0003389	0.05106
rs55957767	7	50333960	0.006	0.003	-0.027302762	0.006214811	-0.001637	0.05121
rs559710859	8	70870473	-0.06	0.014	-0.149684975	0.034072151	-0.02133	0.0364
rs56057442	18	6673342	0.002	0.004	-0.038748991	0.008797505	0.01388	0.07268
rs56113850	19	41353107	-0.002	0.003	0.107204606	0.005603675	-0.004301	0.04611
rs56348580	12	121432117	0.006	0.003	-0.028996806	0.006600419	-0.06175	0.04957
rs571513	3	136095035	-0.005	0.003	0.034658412	0.006492115	0.06989	0.05316
rs57241556	2	49302050	-0.002	0.003	0.031602027	0.007212143	0.03064	0.06068
rs58132560	7	125704516	0	0.002	0.02613484	0.005509708	-0.07317	0.04567
rs58379124	8	42579203	0.004	0.003	0.06693935	0.006501724	-0.05228	0.05435
rs58531872	3	123105640	-0.002	0.003	0.025162622	0.005698212	-0.02391	0.04745
rs6078373	20	11863500	0.003	0.003	0.028082469	0.005616494	-0.0001151	0.04632
rs61737009	17	77808961	0.004	0.005	-0.041803345	0.010198972	-0.08834	0.08442
rs62083758	18	24591524	-0.001	0.011	-0.110028804	0.023896729	0.2128	0.2031
rs62151707	2	110416825	0.002	0.005	-0.045016019	0.009823301	-0.02395	0.08336
rs62236744	22	38104609	-0.009	0.003	-0.029117	0.006920859	-0.04679	0.0576
rs62410615	4	25514055	-0.007	0.006	0.038960299	0.00950534	-0.04375	0.07738
rs62411292	6	79981676	0.012	0.004	0.04368903	0.009251667	0.05066	0.07761
rs632811	15	59155050	0.006	0.003	-0.036713674	0.006410485	0.08079	0.04866
rs6467594	7	135244710	-0.009	0.003	0.023474672	0.005533033	0.00221	0.04593
rs6469655	8	117644881	-0.007	0.003	0.028345694	0.006291281	-0.05393	0.05312
rs6544921	2	46999055	0.002	0.003	-0.024295889	0.005588585	0.0131	0.04639
rs6680907	1	182916333	-0.003	0.005	0.041179781	0.010137761	-0.09712	0.08049
rs673632	5	139057237	-0.001	0.003	0.024489252	0.005854051	0.00455	0.04832
rs67412421	9	134267989	-0.001	0.005	0.043009638	0.010588241	0.05593	0.09115
rs6800768	3	24113252	0.009	0.003	-0.026426871	0.006144123	0.1015	0.05102
rs6896117	5	12016348	-0.001	0.003	0.024942587	0.005962419	-0.07103	0.04937
rs6918225	6	36264551	-0.003	0.003	0.023990914	0.005623557	0.06522	0.04712
rs7027450	9	108425382	-0.001	0.003	-0.029993419	0.007149401	-0.04081	0.05781
rs7160389	14	98650988	0.002	0.002	0.022737203	0.005514582	0.02715	0.04576
rs72652604	4	82766339	0.026	0.013	-0.095631933	0.02048211	0.07375	0.1598
rs72704920	1	158914566	-0.09	0.004	0.116880149	0.028601086	0.1482	0.2427
rs72737945	5	8755235	0.005	0.003	0.03242731	0.007179527	0.0322	0.05962
rs72923632	11	57948796	-0.004	0.004	0.042516236	0.009322301	-0.004983	0.07718
rs73079463	12	21336010	0.017	0.011	-0.090494733	0.020760916	-0.005665	0.191
rs73204103	3	108006493	-0.011	0.007	0.071467174	0.016891962	0.3652	0.131
rs73229090	8	27442127	0.001	0.004	0.055489485	0.008762711	-0.01304	0.07173
rs733668	2	225300690	0.002	0.003	-0.026964526	0.006501724	0.08235	0.05344
rs7431710	3	48935583	0.001	0.003	-0.034957881	0.005810196	-0.02726	0.04811
rs75383625	1	202983237	-0.006	0.013	-0.128151872	0.027767396	-0.3003	0.2132
rs7539072	1	228720201	-0.004	0.003	0.022744853	0.005549176	-0.02346	0.04578
rs75494138	11	46465361	-0.004	0.005	0.059876284	0.010568232	0.01666	0.08784
rs7599488	2	60718347	-0.017	0.002	0.026414269	0.005544031	0.0166	0.04605
rs760738	22	25511130	-0.003	0.003	0.030123755	0.007180468	0.1065	0.0585
rs76687399	21	48063082	0.003	0.004	-0.04137613	0.010094742	-0.03574	0.08402
rs76918424	4	25569012	0.004	0.011	-0.065013961	0.015957049	-0.04782	0.1299
rs77394539	14	24391998	-0.002	0.015	-0.091666174	0.022498577	-0.06507	0.1824
rs7769343	6	170517906	-0.006	0.005	0.050223716	0.010831525	0.06312	0.08927
rs77785986	1	214079047	-0.016	0.008	0.060584761	0.014693963	-0.02739	0.1215
rs77854845	4	112371633	0.01	0.004	-0.034472694	0.008080524	-0.08584	0.06513
rs7799280	7	140116033	0.004	0.003	-0.023815266	0.0058277	-0.1054	0.04975
rs78408772	2	62710608	0.011	0.004	-0.043234889	0.009135038	-0.03877	0.07532
rs7874404	9	136439803	0.06	0.003	-0.037128472	0.006894584	-0.05049	0.06311
rs7875238	9	96457982	-0.006	0.003	0.025575927	0.005962419	-0.05045	0.04954
rs7904487	10	64199222	0	0.003	0.027801663	0.006463755	-0.02502	0.05356
rs790564	8	64604218	0.005	0.003	-0.040892693	0.00619302	0.01731	0.05124
rs79250609	12	109988858	0.006	0.003	-0.034210147	0.007228213	-0.04754	0.06026
rs7928017	11	113448762	0.008	0.002	-0.03293136	0.005558481	-0.05283	0.04603
rs7944241	11	43695374	0.004	0.002	-0.026490432	0.005584673	-0.03151	0.04618
rs7951365	11	16377044	-0.003	0.003	0.038951113	0.005967811	0.009393	0.04963
rs79723357	10	84024169	0.002	0.008	-0.077867739	0.018560994	-0.3323	0.1462
rs8006826	14	60696191	0.002	0.003	0.028476943	0.006515934	-0.03072	0.04912
rs80089812	7	16924989	-0.007	0.009	0.090165005	0.02180419	-0.08075	0.1779
rs806798	6	26214473	0.009	0.002	-0.030850722	0.005532038	0.01178	0.04575
rs8614	17	27588806	-0.007	0.003	0.033618633	0.007135158	0.05462	0.05923
rs872976	3	89326991	-0.001	0.002	0.024576566	0.005509278	0.02676	0.04571
rs895330	19	4060707	0.006	0.003	-0.039004149	0.007016678	-0.03023	0.0582
rs914027	13	112185071	-0.008	0.003	0.026584539	0.005507458	0.0117	0.04582
rs9387232	6	97751531	0.002	0.003	-0.033822819	0.006947613	0.1124	0.05919
rs9396578	6	15280207	-0.001	0.003	-0.030598531	0.007212143	-0.01701	0.06005
rs9401061	6	98104498	0.007	0.003	-0.032398525	0.007452369	-0.1176	0.06288
rs9569726	13	58260279	0.004	0.003	-0.033182505	0.007310979	0.02468	0.06175
rs9571688	13	67478566	-0.001	0.003	0.028939942	0.005995421	-0.006913	0.04905
rs9647067	21	35030010	0	0.003	-0.02336554	0.00571765	-0.05725	0.04772
rs968256	4	80208634	-0.009	0.002	-0.026173731	0.00605264	-0.03694	0.04576
rs9911105	17	74372138	-0.005	0.008	-0.080202047	0.018208937	0.1097	0.1489
